standardId,heroCode,heroKey,heroName,heroEnglishName,slot,skillGroup,skillId,passiveSkillId,skillName,maxLevel,hasCoefficientText,hasStructuredExtension,structuredDamageCount,sourceExtension,coverageStatus,coefficientText,description,textSource
001-jackie-p-1001100,1,Jackie,杰琪,Jackie,P,1001100,None,JackiePassive,鲜血盛宴,3,true,true,0,JackiePassiveData,extension_without_damage_fields,杰琪使用普攻或技能造成伤害时，将在{0}秒内对敌人施加可以造成{1}(+攻击力{2})持续伤害的流血效果，最多可以叠加{3}层。 流血达到叠层上限或杰琪参与击杀实验体时，杰琪将进入持续{4}秒的分泌肾上腺素状态，此时每次对敌人造成普攻或者技能伤害时，将赋予敌人流血叠层上限，并造成{5}(+攻击力{6})的额外技能伤害，同时杰琪根据自身失去的体力恢复{7}(+攻击力{8}) ~ {9}(+攻击力{10})的体力。 当杰琪体力低于{11}时，将获得最大的体力恢复效果。,无消耗 杰琪使用普攻或技能造成伤害时，将赋予目标持续一段时间的流血叠层。 流血达到叠层上限或杰琪参与击杀实验体时，杰琪将进入分泌肾上腺素状态，此时每次对敌人造成普攻或者技能伤害时，将赋予敌人流血叠层上限，并造成额外技能伤害，同时杰琪根据自身失去的体力恢复体力。,dak.gg api zh-CN + er-gamedata coefficient text
001-jackie-q-1001200,1,Jackie,杰琪,Jackie,Q,1001200,JackieActive1,None,连斩,5,true,true,3,JackieActive1Data,structured,杰琪朝着指定方向突进并挥动武器，造成{0}(+攻击力{1})(+目标当前体力{2})的技能伤害，并恢复所造成伤害{3}的体力。对达到流血叠层上限的目标将造成增加了{4}的伤害。 命中敌人时，杰琪可以在{5}秒内再次使用技能。,无消耗 / 冷却12秒 杰琪朝着指定方向突进并挥动武器，造成技能伤害，并根据造成的伤害恢复部分体力。对达到流血叠层上限的目标可以造成更高的伤害。 命中敌人时可以再次使用技能。,dak.gg api zh-CN + er-gamedata coefficient text
001-jackie-q-1001210,1,Jackie,杰琪,Jackie,Q,1001210,JackieActive1_2,None,连斩,5,false,true,0,JackieSkillData,extension_without_damage_fields,,,er-gamedata zh-CN fallback
001-jackie-w-1001300,1,Jackie,杰琪,Jackie,W,1001300,JackieActive2,None,断筋,5,true,true,0,JackieActive2Data,extension_without_damage_fields,杰琪下一次普攻得到了强化，额外造成{0}(+额外攻击力的{1})的技能伤害，同时使目标的移动速度减少{3}，持续{2}秒。,无消耗 / 冷却6秒 杰琪下一次普攻得到了强化，造成额外的技能伤害，并使目标的移动速度减缓。,dak.gg api zh-CN + er-gamedata coefficient text
001-jackie-w-1001310,1,Jackie,杰琪,Jackie,W,1001310,JackieActive2Attack,None,재키 W - 강화 평타,1,false,true,0,JackieSkillData,extension_without_damage_fields,,,er-gamedata zh-CN fallback
001-jackie-e-1001400,1,Jackie,杰琪,Jackie,E,1001400,JackieActive3,JackieActive3Passive,袭击,5,true,true,1,JackieActive3Data,structured,被动 : 杰琪参与击杀实验体时，将重置袭击的冷却时间。使用普攻命中流血叠层上限的目标时，冷却时间减少{4}秒。 杰琪跃向指定位置，对周围敌人造成{0}(+攻击力{1})技能伤害。,无消耗 / 冷却16秒 被动 : 杰琪参与击杀实验体时，将重置袭击的冷却时间。使用普攻命中流血叠层上限的目标时，将减少冷却时间。 杰琪跃向指定位置，对周围敌人造成技能伤害。,dak.gg api zh-CN + er-gamedata coefficient text
001-jackie-r-1001500,1,Jackie,杰琪,Jackie,R,1001500,JackieActive4,None,电锯杀人狂,3,true,true,2,JackieActive4Data,structured,杰琪挥出电锯，{0}秒内获得{1}移动速度和{2}攻击速度，参与击杀敌人实验体时，持续时间延长{3}秒。激活期间再次使用时，杰琪可以使用屠杀。 屠杀 : 杰琪全力挥舞电锯，根据敌人失去的体力造成{4}(+攻击力{5}) ~ {6}(+攻击力{7})的技能伤害，同时恢复所造成伤害{8}的体力。参与击杀实验体时，杰琪可以再次使用屠杀。,无消耗 / 冷却70秒 杰琪挥出电锯，提升移动速度和攻击速度，参与击杀敌人实验体时，将延长持续时间。激活期间再次使用时，杰琪可以使用屠杀。 屠杀 : 杰琪全力挥舞电锯，根据敌人失去的体力造成技能伤害，同时根据造成的伤害量恢复部分体力。参与击杀实验体时，杰琪可以再次使用屠杀。,dak.gg api zh-CN + er-gamedata coefficient text
001-jackie-r-1001510,1,Jackie,杰琪,Jackie,R,1001510,JackieActive4_2,None,屠杀,3,false,true,0,JackieSkillData,extension_without_damage_fields,,,er-gamedata zh-CN fallback
002-aya-p-1002100,2,Aya,阿雅,Aya,P,1002100,None,AyaPassive,阿雅之正义,3,true,true,0,AyaPassiveData,extension_without_damage_fields,阿雅遇到攻击自动生成护盾，{0}秒内防御{1}(+攻击力的{2})(+技能增幅{4}) 伤害。 每当阿雅攻击敌人时，「阿雅之正义」冷却时间减少{3}秒。,无消耗 / 冷却25秒 当阿雅受到攻击时，她的周身会出现一个护盾，在一段时间内抵御伤害。 每当她攻击敌人时，「阿雅之正义」的技能冷却时间会减少。,dak.gg api zh-CN + er-gamedata coefficient text
002-aya-q-1002200,2,Aya,阿雅,Aya,Q,1002200,AyaActive1,None,二连射,5,true,true,1,AyaActive1Data,structured,阿雅朝着目标连续射击两次。第一次造成攻击力的{3} * (普攻增幅)普攻伤害，第二次造成{1}(+攻击力的{0})(+技能增幅{2})技能伤害，阿雅的攻击速度在{4}秒内增加{5}。,无消耗 / 冷却10秒 阿雅朝着目标连续射击两次。阿雅在一段时间内的攻击速度会增加。,dak.gg api zh-CN + er-gamedata coefficient text
002-aya-w-1002300,2,Aya,阿雅,Aya,W,1002300,AyaActive2,None,稳定射击,5,true,true,1,AyaActive2Data,structured,阿雅{3}秒内朝目标方向连续射击{4}次。子弹命中敌人造成 {0}(+攻击力的{1})(+技能增幅的{5})技能伤害。 阿雅每增加{6}额外攻击速度，可发射的子弹数也会随之增加，最大可以增加至{7}发。,无消耗 / 冷却10秒 阿雅朝着一个方向射击。根据额外攻速增加发射的子弹数。,dak.gg api zh-CN + er-gamedata coefficient text
002-aya-e-1002400,2,Aya,阿雅,Aya,E,1002400,AyaActive3,None,转弯,5,true,true,0,AyaActive3Data,extension_without_damage_fields,阿雅朝着指定方向快速移动。 返还{0}二连射和稳定射击的冷却。,无消耗 / 冷却15秒 阿雅朝着指定方向快速移动。 返还二连射和稳定射击部分冷却。,dak.gg api zh-CN + er-gamedata coefficient text
002-aya-r-1002500,2,Aya,阿雅,Aya,R,1002500,AyaActive4,None,空弹,3,true,true,1,AyaActive4Data,structured,阿雅持枪举向天空蓄力发射空弹，对周围敌人造成{1}(+攻击力的{2})(+技能增幅的{3})技能伤害，使敌人陷入{0}秒恐惧状态。,无消耗 / 冷却80秒 阿雅向天空发射空弹给周围的敌人造成技能伤害并使敌人陷入恐惧状态。,dak.gg api zh-CN + er-gamedata coefficient text
003-fiora-p-1003100,3,Fiora,菲欧娜,Fiora,P,1003100,None,FioraPassive,刺击,3,true,true,0,FioraPassiveData,extension_without_damage_fields,菲欧娜每次使用技能命中敌人，可以叠加刺击标识。使用技能命中持有{0}次叠层的敌人时，将对敌人造成{7}(+技能增幅{6})额外技能伤害，菲欧娜体力恢复{9}(+技能增幅{8})，且移动速度在{2}秒内增加{3}后逐渐减缓。菲欧娜长刺的剩余冷却时间减少{4}，其他基本技能剩余冷却时间减少{5}。,无消耗 菲欧娜每次使用技能命中敌人，可以叠加刺击标识。达到叠层上限后，技能命中时将对敌人造成额外技能伤害，菲欧娜恢复体力且移动速度在增加后逐渐减缓。减少菲欧娜基本技能剩余冷却时间。,dak.gg api zh-CN + er-gamedata coefficient text
003-fiora-q-1003200,3,Fiora,菲欧娜,Fiora,Q,1003200,FioraActive1,None,长刺,5,true,true,1,FioraActive1Data,structured,菲欧娜朝指定方向进攻，命中的敌人承受{0}(+技能增幅的{13})技能伤害。在范围末端被刺伤的敌人承受{7}(+技能增幅的{15})技能伤害，{6}秒间移动速度减少{4}，并被赋予2个刺击标识。,无消耗 / 冷却8秒 菲欧娜朝指定方向进攻，对命中的敌人造成技能伤害。在范围末端被刺伤的敌人承受更大的技能伤害，减少移动速度的同时被赋予2个刺击标识。,dak.gg api zh-CN + er-gamedata coefficient text
003-fiora-w-1003300,3,Fiora,菲欧娜,Fiora,W,1003300,FioraActive2,None,复杂进攻,5,true,true,0,FioraActive2Data,extension_without_damage_fields,菲欧娜快速向前挥剑两次，每次造成{3}(+技能增幅{10})技能伤害。,无消耗 / 冷却7秒 菲欧娜快速向前挥剑两次，造成技能伤害。,dak.gg api zh-CN + er-gamedata coefficient text
003-fiora-e-1003400,3,Fiora,菲欧娜,Fiora,E,1003400,FioraActive3_1,None,前进&后退,5,true,false,0,,no_structured_extension_in_er-gamedata,前进 : 菲欧娜向指定方向突进，对碰撞的敌人造成{0}(+技能增幅{14})伤害。 命中时在{4}秒内可以使用后退技能。 后退 : 菲欧娜向指定方向突进。,无消耗 / 冷却8.5秒 前进 : 菲欧娜向指定方向突进，对碰撞的敌人造成伤害。命中时可以使用后退技能。 后退 : 菲欧娜向指定方向突进。,dak.gg api zh-CN + er-gamedata coefficient text
003-fiora-e-1003410,3,Fiora,菲欧娜,Fiora,E,1003410,FioraActive3_2,None,前进&后退,5,false,false,0,,no_structured_extension_in_er-gamedata,,,er-gamedata zh-CN fallback
003-fiora-r-1003500,3,Fiora,菲欧娜,Fiora,R,1003500,FioraActive4_1,FioraActive4Passive,飞刺,3,true,false,0,,no_structured_extension_in_er-gamedata,菲欧娜向指定方向短距离突进发起攻击，造成{1}(+技能增幅{12})技能伤害，敌人的移动速度在{9}秒间减少{10}。 飞刺技能最多可以额外使用2次。 第三次施法时，造成{16}(+技能增幅{17})技能伤害并使敌人晕厥{15}秒。,无消耗 / 冷却70秒 菲欧娜向指定方向短距离突进发起攻击，造成技能伤害并使敌人的移动速度减少。当菲欧娜和敌人的距离较近时，将在原地施法技能。 飞刺技能最多可以额外使用2次。 最后一次施法时，将造成更强的技能伤害并使敌人陷入晕厥。,dak.gg api zh-CN + er-gamedata coefficient text
003-fiora-r-1003510,3,Fiora,菲欧娜,Fiora,R,1003510,FioraActive4_2,None,飞刺,3,false,false,0,,no_structured_extension_in_er-gamedata,,,er-gamedata zh-CN fallback
003-fiora-r-1003520,3,Fiora,菲欧娜,Fiora,R,1003520,FioraActive4_3,None,飞刺,3,false,false,0,,no_structured_extension_in_er-gamedata,,,er-gamedata zh-CN fallback
004-magnus-p-1004100,4,Magnus,马格努斯,Magnus,P,1004100,None,MagnusPassive,意志,3,true,true,0,MagnusPassiveData,extension_without_damage_fields,马格努斯每次使用普攻命中敌人实验体时，将获得{3}个意志叠层；使用技能命中时，获得{4}个叠层。每个意志叠层增加{0}防御力，最多可以叠加{1}次。达到叠层上限时，马格努斯每秒体力再生增加{2}。,无消耗 马格努斯每次使用普攻或者技能命中时，防御力增加。 达到叠层上限时，增加体力再生。,dak.gg api zh-CN + er-gamedata coefficient text
004-magnus-q-1004200,4,Magnus,马格努斯,Magnus,Q,1004200,MagnusActive1,None,破碎弹,5,true,true,1,MagnusActive1Data,structured,马格努斯挥动武器，碎裂的石头碎片四处飞溅，对敌人造成 {0}(+额外攻击力的{1})(+技能增幅的{3})的伤害。被石子砸中的目标，{4}秒间移动速度降低{2}并随时间流逝慢慢恢复。,无消耗 / 冷却11秒 马格努斯将石头狠狠地砸向地面，利用反弹的力量击向敌人。 被击中的敌人，其移动速度在4秒内会被降低。,dak.gg api zh-CN + er-gamedata coefficient text
004-magnus-w-1004300,4,Magnus,马格努斯,Magnus,W,1004300,MagnusActive2,None,17对1,5,true,true,1,MagnusActive2Data,structured,马格努斯挥动武器，{0}秒间对敌人造成{4}(每{10}额外防御力+{11})次{1}(+额外攻击力{3})(+技能增幅{7})(+敌人体力上限{9})的技能伤害。 每次技能命中，都会减少{6}秒冷却时间。使用技能期间，负面效果抵御增加{8}。,无消耗 / 冷却14秒 马格努斯挥动武器，对范围内的所有敌人造成伤害。额外防御力越高，挥动武器的次数越多。 技能每次命中时，冷却都会减少。 使用技能期间增加负面效果抵御。,dak.gg api zh-CN + er-gamedata coefficient text
004-magnus-e-1004400,4,Magnus,马格努斯,Magnus,E,1004400,MagnusActive3,None,猛击,5,true,true,1,MagnusActive3Data,structured,马格努斯猛击指定的敌人，对其造成{0}(+额外攻击力{5})(+技能增幅{4})(+目标体力上限{1})的技能伤害并将向左侧击退。被击退的目标撞至墙壁时，将承受{6}(+额外攻击力{9})(+技能增幅{8})(+目标体力上限{7})额外技能伤害并陷入{3}秒的晕厥。,无消耗 / 冷却11秒 马格努斯猛击指定的敌人，对其造成技能伤害并将向左侧击退。 被击退的目标撞至墙壁时，将承受额外技能伤害并在一段时间内陷入晕厥。,dak.gg api zh-CN + er-gamedata coefficient text
004-magnus-r-1004500,4,Magnus,马格努斯,Magnus,R,1004500,MagnusActive4,MagnusActive4Passive,暴走飞车,3,true,true,1,MagnusActive4Data,structured,马格努斯启动摩托车，{0}秒间向指定的方向移动，获得{5}个意志叠层。摩托车的速度逐渐变快并在{3}秒后达到上限。摩托车和敌人或墙壁发生碰撞时，造成{1}(+额外攻击力{2})(+技能增幅{4})(+目标当前体力{21})的技能伤害。 再次使用技能时，摩托车继续向前移动，马格努斯会立即跳下摩托车逃离。,无消耗 / 冷却80秒 马格努斯骑摩托车，向指定的方向移动获得意志叠层。摩托车的速度逐渐变快。摩托车撞到敌人或者墙壁时，造成技能伤害。 再次使用技能时，摩托车继续向前移动，马格努斯会立即跳下摩托车逃离。,dak.gg api zh-CN + er-gamedata coefficient text
005-zahir-p-1005100,5,Zahir,扎希尔,Zahir,P,1005100,None,ZahirPassive,死神之目,3,true,true,1,ZahirPassiveData,structured,当扎希尔对敌人使用技能时，赋予敌人可维持{5}秒的「死神之目」标识并获得目标的视野，同时扎希尔的移动速度增加{0}，并在{6}秒间逐渐减少。 当使用技能命中带有「死神之目」标识的敌人时，对敌人造成{1}(+技能增幅的{7})的技能伤害，消耗「死神之目」的同时，该技能也将适用「死神之目」效果。,无消耗 技能命中敌人时对他们标记「死神之目」。 开启「死神之目」不仅可以获得对方的视野，还可以提高扎希尔的移动速度，其各技能命中敌人时，还会对敌人造成额外效果与额外技能伤害。,dak.gg api zh-CN + er-gamedata coefficient text
005-zahir-q-1005200,5,Zahir,扎希尔,Zahir,Q,1005200,ZahirActive1,None,那罗延法宝,5,true,true,2,ZahirActive1Data,structured,扎希尔借助神力，在一定范围内造成{0}(+技能增幅的{7})的技能伤害。 死神之目效果 : 造成{2}(+技能增幅的{8})强化的技能伤害。,无消耗 / 冷却6秒 扎希尔借助神力，在一定范围内对敌人造成伤害。 死神之目效果 : 增加伤害量。,dak.gg api zh-CN + er-gamedata coefficient text
005-zahir-w-1005300,5,Zahir,扎希尔,Zahir,W,1005300,ZahirActive2,ZahirActive2Passive,甘狄拔,5,true,true,1,ZahirActive2Data,structured,被动效果 : 当扎希尔使用除甘狄拔外的任一技能击中敌人时，能获得{2}个飞轮，最多可以获得{3}个飞轮。 每次使用甘狄拔都会消耗一个飞轮，扎希尔朝着指定方向发射飞轮，对击中的敌人造成{0}(+技能增幅{8})的技能伤害。 死神之目效果 : 命中时那罗延法宝和风神法宝技能冷却时间缩减{7}。,无消耗 / 冷却0.55秒(蓄能7秒) 扎希尔朝指定的方向发射飞轮，对敌人造成伤害。 每隔一段时间可以获得一个风轮，使用除甘狄拔外的技能成功击中目标时，可以获得2个风轮。 死神之目效果 : 命中时缩减那罗延法宝和风神法宝技能冷却时间。,dak.gg api zh-CN + er-gamedata coefficient text
005-zahir-e-1005400,5,Zahir,扎希尔,Zahir,E,1005400,ZahirActive3,None,风神法宝,5,true,true,1,ZahirActive3Data,structured,扎希尔朝着目标方向发射一阵风力，对敌人造成{0}(+技能增幅{5})的技能伤害。被击中的敌人悬空{2}秒。 死神之目效果 : 使被击中的敌人悬空{4}秒。,无消耗 / 冷却15秒 扎希尔召唤出疾风，对敌人造成伤害。被击中的目标悬空。 死神之目效果 : 命中的目标悬空时间更长。,dak.gg api zh-CN + er-gamedata coefficient text
005-zahir-r-1005500,5,Zahir,扎希尔,Zahir,R,1005500,ZahirActive4,None,跋尔伽婆,3,true,true,2,ZahirActive4Data,structured,扎希尔凝聚精力，向指定的方向依次发射飞轮。最初可对敌人造成{0}(+技能增幅的{4})的技能伤害，之后每0.45秒都能造成{1}(+技能增幅{5})的技能伤害。 如果敌人没有「死神之目」，跋尔伽婆则会对他们标记「死神之目」。,无消耗 / 冷却80秒 扎希尔凝聚精力，向指定的方向依次发射飞轮给敌人造成伤害。 如果敌人没有「死神之目」，则会被标记。,dak.gg api zh-CN + er-gamedata coefficient text
006-nadine-p-1006100,6,Nadine,娜町,Nadine,P,1006100,None,NadinePassive,野性,3,true,true,0,NadinePassiveData,extension_without_damage_fields,娜町参与击杀野生动物或实验体时将获得野性叠层。（叠层上限 : {5}） 鸡 : {0} / 蝙蝠，野猪 : {1} / 野狗，狼，乌鸦 : {2} / 熊 : {3} / 实验体 : {4},无消耗 娜町参与击杀野生动物及实验体时，可以获得野性叠层。,dak.gg api zh-CN + er-gamedata coefficient text
006-nadine-q-1006200,6,Nadine,娜町,Nadine,Q,1006200,NadineActive1,None,黄牛之眼,5,true,true,2,NadineActive1Data,structured,娜町在{0}秒间凝聚力量，期间移动速度降低至{2}，技能射程与伤害量增加{1}倍。 再次使用技能射箭，对敌人造成{3}(+额外攻击力{5})(+技能增幅的{12})(+野性叠层伤害) ~ {4}(+额外攻击力{6})(+技能增幅的{13})(+野性叠层伤害)的技能伤害。(增加的伤害与娜町的野性重叠成正比。),无消耗 / 冷却7秒 娜町在一定时间内凝聚力气。 在力气凝聚后的一段时间内，移动速度减缓，攻击射程增加。 如果再次使用技能，可再次射箭，对敌人造成技能伤害。,dak.gg api zh-CN + er-gamedata coefficient text
006-nadine-w-1006300,6,Nadine,娜町,Nadine,W,1006300,NadineActive2_1,None,松鼠陷阱,5,true,false,0,,no_structured_extension_in_er-gamedata,娜町在指定位置设置松鼠陷阱。{1}秒内可以在重新设置范围内再次设置陷阱，踩到连接陷阱的敌人承受{7}(+额外攻击力{6})(+技能增幅的{11})技能伤害，同时攻速减少{10}，移速减少{3}，并在{4}秒间提供视野给娜町。 由于松鼠陷阱攻速和移速减少的敌人，再次踩到娜町陷阱时只承受陷阱伤害量{9}技能伤害。 连接陷阱在{5}秒后消失，设置上限为3组。,无消耗 / 冷却14秒 娜町朝着指定位置设置松鼠陷阱。一定时间内可以在重新设置范围内再次设置陷阱，对踩到连接陷阱的敌人造成技能伤害，敌人的攻击速度和移动速度减少，娜町在一定时间内可以共享视野。 因松鼠陷阱降低了攻击和移动速度的敌人再次踩到陷阱时，承受的技能伤害会降低。 设置在地面上的连接陷阱只能维持一段时间。,dak.gg api zh-CN + er-gamedata coefficient text
006-nadine-w-1006310,6,Nadine,娜町,Nadine,W,1006310,NadineActive2_2,None,松鼠陷阱,5,true,false,0,,no_structured_extension_in_er-gamedata,可以再投掷一次松鼠陷阱。,可以再投掷一次松鼠陷阱。,er-gamedata zh-CN fallback
006-nadine-e-1006400,6,Nadine,娜町,Nadine,E,1006400,NadineActive3_1,None,猿猴的钢丝绳,5,true,false,0,,no_structured_extension_in_er-gamedata,娜町朝指定位置发射并设置钢丝绳。{2}m范围内钢丝绳可维持{1}秒。维持期间娜町的攻击速度会提高{3}(+技能增幅的{5})。 再次使用技能，钢丝绳会将娜町瞬间移动至发射处，攻击速度增加时间持续{4}秒。,无消耗 / 冷却17秒 娜町朝着指定位置发射钢丝绳。 安装好的钢丝绳可以维持一段时间。在此期间，娜町的攻击速度增加。 再次使用技能，钢丝绳会将娜町瞬间移动至发射处。,dak.gg api zh-CN + er-gamedata coefficient text
006-nadine-e-1006410,6,Nadine,娜町,Nadine,E,1006410,NadineActive3_2,None,猿猴的钢丝绳,5,true,false,0,,no_structured_extension_in_er-gamedata,娜町朝指定位置发射并设置钢丝绳。{2}m范围内钢丝绳可维持{1}秒。维持期间娜町的攻击速度会提高{3}(+技能增幅的{5})。 再次使用技能，钢丝绳会将娜町瞬间移动至发射处，攻击速度增加时间持续{4}秒。,娜町朝指定位置发射并设置钢丝绳。{2}m范围内钢丝绳可维持{1}秒。维持期间娜町的攻击速度会额外提高{3}。再次使用技能，钢丝绳会将娜町瞬间移动至发射处，攻击速度增加时间持续{4}秒。,er-gamedata zh-CN fallback
006-nadine-r-1006500,6,Nadine,娜町,Nadine,R,1006500,NadineActive4,NadineActive4Passive,狼之猛袭,3,true,true,1,NadineActive4Data,structured,每当在{7}秒内进行{0}次普攻可召唤狼一起进攻。召唤狼朝敌人扑去，造成{1}(+额外攻击力{4})(+技能增幅{6})(+野性叠层伤害)的技能伤害，同时减少敌人的攻速{5}，移速{3}。参与击杀敌人实验体时，持续时间增加{9}秒。,无消耗 / 冷却80秒 根据在一段时间内的普攻次数，娜町可召唤出狼一起进攻。 狼出现后猛扑向敌人，不仅对其造成技能伤害，还减缓敌人的攻击速度与移动速度。(伤害量随着娜町的野性重叠成正比增加。),dak.gg api zh-CN + er-gamedata coefficient text
007-hyunwoo-p-1007100,7,Hyunwoo,玄佑,Hyunwoo,P,1007100,None,HyunwooPassive,鏖战,3,true,true,0,HyunwooPassiveData,extension_without_damage_fields,玄佑攻击敌人可以获得{2}个鏖战叠层。 累积至{0}层激活鏖战，下一个攻击给目标造成 {3}(+攻击力的{4})(+技能增幅的{6})额外技能伤害，同时玄佑可恢复体力上限{1}的体力并缩减虚张声势的冷却{5}秒。,无消耗 玄佑进行攻击时，可以获得鏖战叠层。 当累加到一定数量时，「鏖战」就会被激活。激活后攻击敌人可以造成额外伤害，同时恢复自身体力并缩减虚张声势的冷却。,dak.gg api zh-CN + er-gamedata coefficient text
007-hyunwoo-q-1007200,7,Hyunwoo,玄佑,Hyunwoo,Q,1007200,HyunwooActive1,None,踩踏,5,true,true,1,HyunwooActive1Data,structured,玄佑朝着指定方向大力踩踏地面给周围的敌人造成{0}(+额外攻击力的{1})(+技能增幅的{4}) 的技能伤害，{2}秒间敌人的移动速度减少{3}。技能命中敌人时，玄佑的移动速度增加{6}，持续{5}秒。,无消耗 / 冷却9秒 玄佑玄佑朝着指定位置大力踩踏地面，给敌人造成伤害，并暂时降低其移动速度。技能命中敌人时，将会增加玄佑的移动速度。,dak.gg api zh-CN + er-gamedata coefficient text
007-hyunwoo-w-1007300,7,Hyunwoo,玄佑,Hyunwoo,W,1007300,HyunwooActive2,None,虚张声势,5,true,true,0,HyunwooActive2Data,extension_without_damage_fields,玄佑发动“虚张声势”激活鏖战，{3}秒间增加{0}(+防御力每{1}加{5})防御力，持续时间内承受敌人普攻时获得{4}个鏖战叠层。 “虚张声势”启动后的{2}秒内，玄佑可以免受任何移动受损效果的影响。,无消耗 / 冷却15秒 玄佑通过发动“虚张声势”激活鏖战，之后可暂时获得防御力，并在承受普攻时获得鏖战叠层。 在“虚张声势”启动后的段时间内，玄佑可以免受任何移动受损效果的影响。,dak.gg api zh-CN + er-gamedata coefficient text
007-hyunwoo-e-1007400,7,Hyunwoo,玄佑,Hyunwoo,E,1007400,HyunwooActive3,None,先发制人,5,true,true,1,HyunwooActive3Data,structured,玄佑朝指定方向冲刺，冲刺中撞到的敌人会受到(+额外攻击力的{3})(+技能增幅的{8})(+敌方当前体力的{0})的技能伤害，并将他们狠狠推开。 被推开的敌人若撞到墙壁，玄佑给敌人造成{2}(+额外攻击力{7})(+技能增幅{9})的技能伤害及晕厥{1}秒。,无消耗 / 冷却14秒 玄佑朝着指定方向冲刺，对路上所撞到的敌人造成伤害与击退效果。 敌人若被撞飞到墙壁上则会暂时晕厥。,dak.gg api zh-CN + er-gamedata coefficient text
007-hyunwoo-r-1007500,7,Hyunwoo,玄佑,Hyunwoo,R,1007500,HyunwooActive4,None,核冲击,3,true,true,2,HyunwooActive4Data,structured,玄佑在{0}秒间蓄积全身力量后，给予敌人强烈一击造成{10}(+额外攻击力的{11})(+技能增幅的{12}) ~ {13}(+额外攻击力的{14})(+技能增幅的{15})的技能伤害，{3}秒间防御力减少{4}，短暂被击退。 完全蓄力时，敌人将在被推离至范围外后于{2}秒间陷入晕厥。,无消耗 / 冷却60秒 玄佑蓄积全身力量后，根据蓄能时间对敌人造成技能伤害，减少敌人的防御力，短暂被击退。 完全蓄力时，敌人被推离至范围外后陷入晕厥。,dak.gg api zh-CN + er-gamedata coefficient text
008-hart-p-1008100,8,Hart,哈特,Hart,P,1008100,None,HartPassive,心灵治愈,3,true,true,0,HartPassiveData,extension_without_damage_fields,哈特每次进行普攻时，将额外释放2个声波，每个声波对敌人造成(攻击力{2}) * (普攻增幅)的普攻伤害。,无消耗 每当哈特进行普攻时，将额外释放声波并造成普攻伤害。,dak.gg api zh-CN + er-gamedata coefficient text
008-hart-q-1008200,8,Hart,哈特,Hart,Q,1008200,HartActive1_1,None,延音,5,true,true,0,HartSkillData,extension_without_damage_fields,哈特弹奏着吉他同时为声波充电。之后可以再使用2次技能。 再次使用时 : 向指定方向释放声波，造成{2}(+攻击力{3})~{4}(+攻击力{5})的技能伤害。在等待{0}秒后再次使用时将达到最大伤害。 被声波命中2次的敌人{10}秒间移动速度减少{6}。,无消耗 / 冷却4秒 哈特边弹吉他边为声波充电。之后可以再使用2次该技能。 再次使用时 : 释放生成的声波，命中敌人时造成技能伤害。 被声波击中2次的敌人移动速度变缓。,dak.gg api zh-CN + er-gamedata coefficient text
008-hart-q-1008210,8,Hart,哈特,Hart,Q,1008210,HartActive1_2,None,延音,5,true,true,0,HartSkillData,extension_without_damage_fields,哈特弹奏着吉他同时为声波充电。之后可以再使用2次技能。 再次使用时 : 向指定方向释放声波，造成{2}(+攻击力{3})~{4}(+攻击力{5})的技能伤害。在等待{0}秒后再次使用时将达到最大伤害。 被声波命中2次的敌人{10}秒间移动速度减少{6}。,,er-gamedata zh-CN fallback
008-hart-w-1008300,8,Hart,哈特,Hart,W,1008300,HartActive2,None,破音,5,true,true,0,HartActive2Data,extension_without_damage_fields,哈特弹奏吉他，{0}秒内攻击力增加{1}，普攻射程增加{8}。,无消耗 / 冷却14秒 哈特弹起吉他，增加一段时间内的攻击力和普攻射程。,dak.gg api zh-CN + er-gamedata coefficient text
008-hart-e-1008400,8,Hart,哈特,Hart,E,1008400,HartActive3_1,None,震音,5,true,true,0,HartSkillData,extension_without_damage_fields,哈特快速向指定方向移动一小段距离，对附近的敌人释放声波，造成{2}(+攻击力{3})的技能伤害。此技能可以再次使用1次。,无消耗 / 冷却15秒 哈特快速向指定方向移动一小段距离，对附近的敌人释放声波，造成技能伤害。 此技能可以再次使用1次。,dak.gg api zh-CN + er-gamedata coefficient text
008-hart-e-1008410,8,Hart,哈特,Hart,E,1008410,HartActive3_2,None,震音,5,true,true,0,HartSkillData,extension_without_damage_fields,哈特快速向指定方向移动一小段距离，对附近的敌人释放声波，造成{2}(+攻击力{3})的技能伤害。此技能可以再次使用1次。,,er-gamedata zh-CN fallback
008-hart-r-1008500,8,Hart,哈特,Hart,R,1008500,HartActive4,None,Peacemaker,3,true,true,0,HartActive4Data,extension_without_damage_fields,哈特召唤放大器开始持续{0}秒的演出。区域范围内的所有目标都不会死亡，范围内目标的体力值降至{7}以下时，将免疫伤害或体力恢复效果。 演出结束后，区域内所有目标将恢复{2}体力。,无消耗 / 冷却80秒 哈特召唤放大器开始演出。区域范围内的所有目标都不会死亡，范围内目标体力值低于一定值时，将免疫伤害或体力恢复效果。 演出结束后，区域内所有目标都将恢复体力。,dak.gg api zh-CN + er-gamedata coefficient text
009-isol-p-1009100,9,Isol,埃索,Isol,P,1009100,None,IsolPassive,游击战术,3,true,true,0,IsolPassiveData,extension_without_damage_fields,埃索设置的陷阱命中敌人时，将在{0}秒内增加{1}攻击力或{2}技能增幅。,无消耗 埃索设置的陷阱命中敌人时，在一段时间内的攻击力或技能增幅会有所增加。,dak.gg api zh-CN + er-gamedata coefficient text
009-isol-q-1009200,9,Isol,埃索,Isol,Q,1009200,IsolActive1,None,军事用炸药,5,true,true,2,IsolActive1Data,structured,埃索向敌人或者目标位置投掷炸药。炸药设置于地面时，将于{0}秒后爆炸，造成 {1}(+攻击力的{2})(+技能增幅的{3}) 技能伤害并使敌人陷入束缚{4}秒。 粘在敌人身上的炸药将于{5}秒后爆炸。每次对敌人发出攻击时，炸药计时器爆炸就会加快{6}秒并增加{7}(+攻击力的{8})(+技能增幅的{9})爆炸伤害，束缚时间增加{10}秒，最多可以加到{11}秒。 军事用炸药能够为埃索提供视野。,无消耗 / 冷却11秒 埃索对敌人或地面投掷一个炸药，可以扔在敌人身上或地面上。附着的炸药可以为埃索提供视野，一段时间后爆炸对敌人造成伤害并束缚敌人。 每次攻击身上带着炸药的敌人时，都会减少炸药计时器爆炸时间，并增加束缚时间和爆炸的伤害量。,dak.gg api zh-CN + er-gamedata coefficient text
009-isol-w-1009300,9,Isol,埃索,Isol,W,1009300,IsolActive2,None,叛军突击,5,true,true,2,IsolActive2Data,structured,埃索于{0}秒间向前方扫射子弹。每{1}秒对敌人造成{2}(+攻击力的{3})(+技能增幅{6})技能伤害，目标的防御力每次减少{4}。减少防御力持续{8}秒，最多可以适用{7}次。,无消耗 / 冷却12秒 埃索向前方扫射出无数子弹，对敌人造成技能伤害并减少其防御力。,dak.gg api zh-CN + er-gamedata coefficient text
009-isol-e-1009400,9,Isol,埃索,Isol,E,1009400,IsolActive3,None,伪装潜行,5,true,true,0,IsolActive3Data,extension_without_damage_fields,埃索向前滚动融入周围的环境，悄无声息地进入伪装状态{0}秒。虽然在伪装状态下不会被别人看见，但是如果埃索进行除移动以外的任何其他动作，伪装潜行状态会被解除。{3}秒内发起的首次普攻将造成{1}(+技能增幅{2})的额外技能伤害。,无消耗 / 冷却14秒 埃索向前滚动并融入他周围的环境，悄无声息地在岛上伪装潜行。如果埃索除了基本移动外进行任何其他动作，伪装潜行状态会被解除。一定时间内发起的首次普攻将造成额外技能伤害。,dak.gg api zh-CN + er-gamedata coefficient text
009-isol-e-1009410,9,Isol,埃索,Isol,E,1009410,IsolActive3Attack,None,아이솔 은밀 기동 공격,1,false,false,0,,no_structured_extension_in_er-gamedata,,,er-gamedata zh-CN fallback
009-isol-r-1009500,9,Isol,埃索,Isol,R,1009500,IsolActive4,None,MOK 军用地雷,3,true,true,1,IsolActive4Data,structured,埃索在地面上设置了MOK军用地雷，以探测敌人{0}秒间。当敌人进入地雷范围时，地雷猛烈爆炸，对敌人造成{1}(+攻击力的{2})(+技能增幅的{3})(+目标当前体力{6})的技能伤害。 持有上限 : {4}个；设置上限 : {5}个,无消耗 / 冷却30秒 埃索在地面上设置了MOK军用地雷，以探测敌人。当敌人进入地雷范围时，地雷猛烈爆炸对敌人造成伤害。,dak.gg api zh-CN + er-gamedata coefficient text
010-li-dailin-p-1010100,10,LiDailin,李黛琳,Li Dailin,P,1010100,None,LiDailinPassive,酒醉值,3,true,true,8,LiDailinSkillData,structured,李黛琳使用醉葫猛酌增加体内的酒醉值。根据酒醉值激活醉仙模式。 醉仙模式 : 攻击速度增加，使用普攻对敌人发起两次连续攻击。第二次攻击时造成(+攻击力的{3}) * (普攻增幅)的普攻伤害。 当酒醉值达到{0}以上时 : 李黛琳开始微醺，八卦回龙腿及 醉蝶敬酒技能强化为醉拳状态。使用基本技能后，下次普攻时激活醉葫猛酌。 当酒醉值达到{1}以上时 : 李黛琳开始陷入酒醉状态，{2}秒间无法使用技能并激活醉葫猛酌。 李黛琳喝下桂花酿后，{4}分钟内攻击力增加{5}。,无消耗 李黛琳使用醉葫猛酌增加体内的酒醉值，并根据酒醉值激活醉仙模式。 醉仙模式 : 攻击速度增加，使用普攻对敌人发起两次连续攻击。 当酒醉值达到40以上时 : 李黛琳开始微醺，八卦回龙腿及 醉蝶敬酒技能强化为醉拳状态。使用基本技能后，下次普攻时激活醉葫猛酌。 当酒醉值达到100以上时 : 李黛琳开始陷入酒醉状态，在一段时间内无法使用技能并激活醉葫猛酌。 李黛琳喝下桂花酿后，将稍微增加一段时间内的攻击力。,dak.gg api zh-CN + er-gamedata coefficient text
010-li-dailin-p-1010110,10,LiDailin,李黛琳,Li Dailin,P,1010110,LiDailinPassiveDoubleAttack,None,맹호청권,1,false,true,8,LiDailinSkillData,structured,,,er-gamedata zh-CN fallback
010-li-dailin-q-1010200,10,LiDailin,李黛琳,Li Dailin,Q,1010200,LiDailinActive1_1,None,八卦回龙腿,5,true,true,8,LiDailinSkillData,structured,李黛琳短暂冲向敌人对范围内的敌人造成 {0}(+攻击力的{1})技能伤害。她可以再次使用此技能两次。 醉拳状态 : 消耗40酒醉值，增加突进距离和{2}(+攻击力的{3})伤害。,无消耗 / 冷却13秒 李黛琳短暂冲向敌人对范围内的敌人造成伤害。她可以再次使用此技能两次。 醉拳状态 : 消耗酒醉值，增加突进距离和伤害。,dak.gg api zh-CN + er-gamedata coefficient text
010-li-dailin-q-1010210,10,LiDailin,李黛琳,Li Dailin,Q,1010210,LiDailinActive1_2,None,八卦回龙腿,5,false,true,8,LiDailinSkillData,structured,,,er-gamedata zh-CN fallback
010-li-dailin-q-1010220,10,LiDailin,李黛琳,Li Dailin,Q,1010220,LiDailinActive1_3,None,八卦回龙腿,5,false,true,8,LiDailinSkillData,structured,,,er-gamedata zh-CN fallback
010-li-dailin-w-1010300,10,LiDailin,李黛琳,Li Dailin,W,1010300,LiDailinActive2,LiDailinActive2Passive,醉葫猛酌,5,true,true,8,LiDailinSkillData,structured,拿起比她生命还重要的酒葫芦喝起来，{0}秒间体内酒醉值增加45，可回避普通攻击，承受技能伤害减少{20}。李黛琳普攻时醉葫猛酌冷却时间减少{3}秒。 酒鬼状态 : 喝完酒时，下次普攻给敌人造成的伤害根据酒醉值成比例增加{1} ~ {2}。,无消耗 / 冷却9秒 李黛琳喝酒时可以增加体内的酒醉值，喝酒时可回避所有普通攻击并减少承受的技能伤害。 酒鬼状态 : 使用醉葫猛酌结束后，根据酒醉值增加下一次给敌人造成的普攻伤害量。,dak.gg api zh-CN + er-gamedata coefficient text
010-li-dailin-e-1010400,10,LiDailin,李黛琳,Li Dailin,E,1010400,LiDailinActive3,None,醉蝶敬酒,5,true,true,8,LiDailinSkillData,structured,形醉意不醉，李黛琳含了一口酒以扇形洒出酒雨。被酒雨命中的敌人{0}秒间移动速度减少{4}，造成{1}(+攻击力的{2})技能伤害。 醉拳状态 : 消耗40酒醉值，被命中目标的移动速度减少{6}。,无消耗 / 冷却10秒 形醉意不醉，李黛琳含了一口酒以扇形洒出酒雨。被酒雨命中的敌人移动速度变缓。 醉拳状态 : 消耗酒醉值，大幅减少被命中目标的移动速度。,dak.gg api zh-CN + er-gamedata coefficient text
010-li-dailin-r-1010500,10,LiDailin,李黛琳,Li Dailin,R,1010500,LiDailinActive4,None,猛虎穿心踢,3,true,true,8,LiDailinSkillData,structured,发动猛虎穿心踢，李黛琳进入免疫负面效果状态向敌人突进，进行动作的{7}秒间压制冲撞的敌人，共造成4次攻击。每次造成敌人已失体力{0}(+攻击力的{1})(+消耗酒醉值的{22}) ~ {2}(+攻击力的{3})(+消耗酒醉值的{23})的技能伤害。 使用技能时将消耗所有酒醉值，并根据消耗的酒醉值增加伤害量。,无消耗 / 冷却80秒 发动猛虎穿心踢，李黛琳进入免疫负面效果状态向敌人突进，进行动作期间压制冲撞的敌人并造成连续伤害。 启动猛虎穿心踢时，消耗所有酒醉值，并根据消耗的酒醉值增加伤害。,dak.gg api zh-CN + er-gamedata coefficient text
011-yuki-p-1011100,11,Yuki,雪,Yuki,P,1011100,None,YukiPassive,武装式,3,true,true,1,YukiPassiveData,structured,雪对敌人造成伤害时，会消耗一枚纽扣，造成{0}(+攻击力的{1})的额外技能伤害。没有纽扣时则不会适用。 在非战斗状态下或者使用「武士道」时，纽扣可恢复至最大值。,无消耗 雪对敌人造成伤害时，会消耗一枚纽扣，造成额外技能伤害。没有纽扣时则不会适用。 在非战斗状态下或者使用「武士道」时，纽扣可恢复至最大值。,dak.gg api zh-CN + er-gamedata coefficient text
011-yuki-q-1011200,11,Yuki,雪,Yuki,Q,1011200,YukiActive1,None,气刃斩,5,true,true,1,YukiActive1Data,structured,雪的下一次普通攻击会造成{0}(+攻击力的 {1}) * (普攻增幅)普攻伤害，并使敌人的移动速度在{2}秒间减少{3} 。 持有纽扣时，消耗纽扣并使敌人陷入{4}秒的晕厥。,无消耗 / 冷却5秒 雪的下一次普通攻击会造成额外伤害，并降低敌人的移动速度。 持有纽扣时，使敌人陷入晕厥。,dak.gg api zh-CN + er-gamedata coefficient text
011-yuki-q-1011210,11,Yuki,雪,Yuki,Q,1011210,YukiActive1Attack,None,머리치기! - 기본공격,5,false,false,0,,no_structured_extension_in_er-gamedata,,,er-gamedata zh-CN fallback
011-yuki-w-1011300,11,Yuki,雪,Yuki,W,1011300,YukiActive2,YukiActive2Passive,武士道,5,true,true,0,YukiActive2Data,extension_without_damage_fields,被动效果 : 雪每次击中敌人时，将使武士道的冷却时间减少{0}秒。 雪在{1}秒间释放技能，释放技能期间承受伤害减少{2}(+攻击力的{5})%，樱花流的冷却时间减少{3}秒。武士道结束时，可使武装式的钮扣恢复至{4}。,"无消耗 / 冷却14秒 被动效果 : 雪每次击中敌人时，都会降低武士道的冷却时间。 雪整顿衣服，充分展现武士道的荣誉与礼仪, 同时可减少樱花流的冷却时间。使用""武士道""时，承受伤害降低。武士道结束时，可使武装式的钮扣恢复至最大值。",dak.gg api zh-CN + er-gamedata coefficient text
011-yuki-e-1011400,11,Yuki,雪,Yuki,E,1011400,YukiActive3,None,樱花流,5,true,true,1,YukiActive3Data,structured,雪向目标方向突进{2}m，对第一个冲撞到的敌人造成{0}(+攻击力{1})的技能伤害。并击中的敌人{3}秒内攻击速度减少{5}，对敌人造成伤害时，将减少{4}秒樱花流的冷却时间。,无消耗 / 冷却15秒 雪向目标方向突进，对第一个冲撞的敌人造成伤害。被击中的敌人将在一定时间内攻击速度变缓，同时减少樱花流的冷却时间。,dak.gg api zh-CN + er-gamedata coefficient text
011-yuki-r-1011500,11,Yuki,雪,Yuki,R,1011500,YukiActive4,None,樱月剑舞,3,true,true,2,YukiActive4Data,structured,雪拔出剑身，挥舞出半月般的樱花阵式，对半月内的敌人造成{0}(+攻击力{1})的技能伤害并同时在其身上留下印记，{2}秒间敌人的移动速度减少{3}。 雪收回剑至剑鞘的瞬间，印记爆炸，对敌人造成体力上限{6}(+攻击力的 {7})%的真实伤害。,无消耗 / 冷却90秒 雪拔出剑身，挥舞出半月般的樱花阵式。 对半月内的敌人造成一定伤害并同时在其身上留下印记，降低敌人的移动速度。 雪收回剑至剑鞘的瞬间，印记爆炸，对敌人造成体力上限一定比例的真实伤害。,dak.gg api zh-CN + er-gamedata coefficient text
012-hyejin-p-1012100,12,Hyejin,慧珍,Hyejin,P,1012100,None,HyejinPassive,三灾,3,true,true,11,HyejinSkillData,structured,慧珍第{0}次使用技能命中同一敌人时，施放三灾的诅咒使敌人陷入恐惧{1}秒，造成(+技能增幅{2})的额外技能伤害。,无消耗 慧珍使用技能3次命中同一敌人时，将施放三灾的诅咒，使敌人陷入恐惧状态并造成额外的技能伤害。 处于恐惧状态的敌人在一定时间内对三灾的诅咒免疫。,dak.gg api zh-CN + er-gamedata coefficient text
012-hyejin-q-1012200,12,Hyejin,慧珍,Hyejin,Q,1012200,HyejinActive1,None,镇压符,5,true,true,11,HyejinSkillData,structured,慧珍向指定的方向掷出镇压符，穿透敌人并最多对2名敌人造成{0}(+技能增幅的{2})的技能伤害。 命中时冷却减少{3}。,无消耗 / 冷却7秒 慧珍向指定的方向掷出镇压符，穿透敌人并最多对2名敌人造成伤害。命中时减少冷却时间。,dak.gg api zh-CN + er-gamedata coefficient text
012-hyejin-w-1012300,12,Hyejin,慧珍,Hyejin,W,1012300,HyejinActive2,None,吸灵符,5,true,true,11,HyejinSkillData,structured,慧珍在指定位置唤出吸灵符。吸灵符范围内的敌人移动速度减少{0}。{1}秒后激活吸灵符，造成{2}(+技能增幅的{4})的技能伤害并将敌人拉至中央。,无消耗 / 冷却14秒 慧珍在指定位置唤出吸灵符。吸灵符范围内的敌人移动速度减少。吸灵符将在一定时间后启动，造成伤害并将敌人拉至中央。,dak.gg api zh-CN + er-gamedata coefficient text
012-hyejin-e-1012400,12,Hyejin,慧珍,Hyejin,E,1012400,HyejinActive3_1,None,移动符,5,true,true,11,HyejinSkillData,structured,慧珍向指定的方向掷出移动符，对路径上的敌人造成{0}(+技能增幅的{1})的技能伤害。 再次使用：慧珍将瞬间传送到移动符的位置，对范围内的敌人造成{2}(+技能增幅{3})技能伤害。,无消耗 / 冷却13秒 慧珍向指定方向施放移动符，对路径上的敌人造成伤害。 再次使用技能时，慧珍将瞬间传送到移动符的位置，对范围内的敌人造成技能伤害。,dak.gg api zh-CN + er-gamedata coefficient text
012-hyejin-e-1012410,12,Hyejin,慧珍,Hyejin,E,1012410,HyejinActive3_2,None,移动符,5,true,true,11,HyejinSkillData,structured,慧珍向指定的方向掷出移动符，对路径上的敌人造成{0}(+技能增幅的{1})的技能伤害。 再次使用：慧珍将瞬间传送到移动符的位置，对范围内的敌人造成{2}(+技能增幅{3})技能伤害。,慧珍向指定的方向掷出移动符，对路径上的敌人造成{0}的技能伤害。 再次使用：慧珍将瞬间传送到移动符的位置，对范围内的敌人造成{1}技能伤害。,er-gamedata zh-CN fallback
012-hyejin-r-1012500,12,Hyejin,慧珍,Hyejin,R,1012500,HyejinActive4,None,五大明王阵,3,true,true,11,HyejinSkillData,structured,慧珍召唤五个符咒给周围的敌人造成{0}(+技能增幅{2})的技能伤害。 符咒围绕慧珍旋转飞行{3}秒，当敌人和符咒发生冲撞时，每个符咒给敌人造成{4}(+技能增幅{6})的技能伤害后消失。,无消耗 / 冷却80秒 慧珍召唤五个符咒给周围的敌人造成伤害。 符咒在一定时间内围绕慧珍旋转飞行，当敌人和符咒发生冲撞时，分别给敌人造成伤害后消失。 技能施法期间移动速度变缓。,dak.gg api zh-CN + er-gamedata coefficient text
013-xiukai-p-1013100,13,Xiukai,修凯,Xiukai,P,1013100,None,XiukaiPassive,料理师的热情,3,true,false,0,,no_structured_extension_in_er-gamedata,修凯制作的食物和饮料带有加成效果，额外恢复量{0}。制作高级以上的食物和饮料时，获得[料理师的热情]叠层，每个叠层增加体力上限{6}。,无消耗 修凯制作食物和饮料有额外恢复量，同时获得料理师的热情叠层，根据叠层数增加体力上限。,dak.gg api zh-CN + er-gamedata coefficient text
013-xiukai-p-1013110,13,Xiukai,修凯,Xiukai,P,1013110,None,None,요리사의 열정 - 음식,1,false,false,0,,no_structured_extension_in_er-gamedata,,,er-gamedata zh-CN fallback
013-xiukai-q-1013200,13,Xiukai,修凯,Xiukai,Q,1013200,XiukaiActive1,None,秘制酱油,5,true,false,0,,no_structured_extension_in_er-gamedata,修凯朝着指定方向投掷秘制酱油桶，对敌人造成{0}(+技能增幅的{4})(+目标当前体力{5})的技能伤害。酱油桶命中的位置生成酱油，范围内的敌人移动速度减少{3}。,无消耗 / 冷却6秒 修凯朝着目标方向投掷秘制酱油桶，对敌人造成技能伤害。酱油桶命中的位置生成酱油，范围内的敌人移动速度减少。,dak.gg api zh-CN + er-gamedata coefficient text
013-xiukai-w-1013300,13,Xiukai,修凯,Xiukai,W,1013300,XiukaiActive2,None,吃饭时间,5,true,false,0,,no_structured_extension_in_er-gamedata,修凯向指定的队友或自己投掷食物，恢复{3}(+体力上限的{7}(+ [料理师的热情]叠层数)体力，{0}秒间防御力增加{1}。根据[料理师的热情]叠层增加恢复量。,无消耗 / 冷却4秒(蓄能16秒) 修凯向指定的队友或自身投掷他亲自制作的食物，恢复体力。吃下食物后，增加一段期间内的防御力。,dak.gg api zh-CN + er-gamedata coefficient text
013-xiukai-e-1013400,13,Xiukai,修凯,Xiukai,E,1013400,XiukaiActive3_1,None,翻滚吧！锅子！,5,true,false,0,,no_structured_extension_in_er-gamedata,翻滚吧！锅子！ : 修凯坐在锅子上快速滑向目标方向突进，对首个碰撞的目标及附近敌人造成{4}(+技能增幅的{6})(+体力上限的{7})的技能伤害，敌人暂时被推离并悬空{0}秒。使用技能后，可以在{1}秒内使用盛宴。 盛宴 : 修凯使用他的锅子猛击地面，给周围敌人造成{10}(+技能增幅的{12})(+体力上限的{14})的技能伤害，{2}秒间移动速度减少{3}。,无消耗 / 冷却18秒 翻滚吧！锅子！ : 修凯坐在锅子上猛力滑动到目标方向，对首个碰撞的目标及附近敌人造成技能伤害，敌人暂时被推离并悬空。使用技能后的一段时间内可以盛宴。 盛宴 : 修凯使用他的锅子猛击地面，对范围内敌人造成技能伤害的同时降低其移动速度。,dak.gg api zh-CN + er-gamedata coefficient text
013-xiukai-e-1013410,13,Xiukai,修凯,Xiukai,E,1013410,XiukaiActive3_2,None,盛宴,5,false,false,0,,no_structured_extension_in_er-gamedata,,无消耗 修凯使用他的锅子猛击地面，对范围内敌人造成技能伤害的同时降低其移动速度。,dak.gg api zh-CN + er-gamedata coefficient text
013-xiukai-r-1013500,13,Xiukai,修凯,Xiukai,R,1013500,XiukaiActive4,None,火冒三丈,3,true,false,0,,no_structured_extension_in_er-gamedata,修凯于{0}秒间从锅中喷出{7}次火焰，对范围内的敌人造成{1}(+技能增幅{9})(+体力上限{10})技能伤害，{11}秒内目标的治愈效果减少{12}。（叠层上限：{13}） 火焰将导致敌人移动速度在{5}秒间减少{6}。,无消耗 / 冷却80秒 修凯从锅中喷出火焰，给范围内的敌人造成技能伤害，目标的治愈效果和移动速度减少。,dak.gg api zh-CN + er-gamedata coefficient text
014-chiara-p-1014100,14,Chiara,奇娅拉,Chiara,P,1014100,None,ChiaraPassive,烙印,3,true,false,0,,no_structured_extension_in_er-gamedata,奇娅拉使用技能对命中的敌人刻上烙印，对方的治愈效果减少{2}。 烙印维持{1}秒，最多可以叠加{0}次。朝向烙印叠层上限的敌人移动时，移动速度增加{3}。,无消耗 奇娅拉使用技能对命中的敌人刻上烙印，减少对方的治愈效果。朝向烙印叠层上限的敌人移动时，移动速度增加。,dak.gg api zh-CN + er-gamedata coefficient text
014-chiara-q-1014200,14,Chiara,奇娅拉,Chiara,Q,1014200,ChiaraActive1,None,暗之洗礼,5,true,false,0,,no_structured_extension_in_er-gamedata,奇娅拉释放邪恶能量，造成{1}(+技能增幅{6})的技能伤害。邪恶能量多次命中时，从第二次起，每次造成{5}(+技能增幅的{8})的额外技能伤害。命中敌人时，{3}秒间恢复体力邪恶能量每命中一次{4}(+技能增幅的{10})。,无消耗 / 冷却8秒 奇娅拉释放邪恶能量，造成技能伤害。邪恶能量多次命中时，从第二次起，每次造成额外技能伤害。命中敌人时，可以在一段时间内恢复体力。,dak.gg api zh-CN + er-gamedata coefficient text
014-chiara-w-1014300,14,Chiara,奇娅拉,Chiara,W,1014300,ChiaraActive2,None,不贞洁的祈祷,5,true,false,0,,no_structured_extension_in_er-gamedata,奇娅拉根据已失体力吸收{4}(+技能增幅的{7}) ~ {10}(+技能增幅的{12})的伤害，生成持续{0}秒的护盾。{1}秒后护盾依然存在时，再次使用技能将引爆护盾。引爆护盾时，给范围内的敌人造成{2}(+技能增幅的{6})(+目标体力上限的{9})的技能伤害。,无消耗 / 冷却12秒 奇娅拉根据生成可以持续一段时间的护盾，根据已失体力比例吸收伤害。一段时间后护盾依然存在时，再次使用技能将引爆护盾。引爆护盾时，可以范围内的敌人造成技能伤害。,dak.gg api zh-CN + er-gamedata coefficient text
014-chiara-w-1014310,14,Chiara,奇娅拉,Chiara,W,1014310,ChiaraActive2ShieldBreak,None,不贞洁的祈祷,5,true,false,0,,no_structured_extension_in_er-gamedata,2秒依然持有护盾时，再次使用技能引爆护盾，造成{1}(+技能增幅的{3})(+目标体力上限的{4})的技能伤害。,{0}秒依然持有护盾时，再次使用技能引爆护盾，造成{1}(+目标体力上限的{2})的技能伤害。,er-gamedata zh-CN fallback
014-chiara-e-1014400,14,Chiara,奇娅拉,Chiara,E,1014400,ChiaraActive3,None,深渊枷锁,5,true,false,0,,no_structured_extension_in_er-gamedata,奇娅拉向指定的方向发射深渊枷锁，给敌方造成 {0}(+技能增幅的{7})技能伤害，并连接枷锁。 如果枷锁的连接保持在 {2}秒以上，则给敌人带来 {4}(+技能增幅的{8})的技能伤害，并束缚敌人 {6}秒。,无消耗 / 冷却15秒 奇娅拉向指定的方向发射枷锁，给敌方造成技能伤害，并连接枷锁。 如果枷锁的连接保持在一定时间以上，则给敌人带来技能伤害，并束缚敌人于深渊中。,dak.gg api zh-CN + er-gamedata coefficient text
014-chiara-r-1014500,14,Chiara,奇娅拉,Chiara,R,1014500,ChiaraActive4Transform,None,献祭炼狱,3,true,false,0,,no_structured_extension_in_er-gamedata,奇娅拉开始暴走并展开翅膀，持有暴走值的期间进行变身，普攻射程增加{4}，体力上限增加{1}。暴走期间每秒消耗{5}暴走值。暴走将给范围内的敌人每{0}秒造成 {2}(+技能增幅的{3})技能伤害，每个目标将恢复奇娅拉{8}(+技能增幅的{12}) 体力，获得{13}暴走值。暴走中的奇娅拉可以施法最后的审判。 最后的审判 : 快速赋予目标烙印，造成{6}(+技能增幅的{9})的真实伤害。目标的每一个烙印叠层增加{14}伤害量。最后的审判击杀实验体时，重置暴走状态，可以再次使用最后的审判。,无消耗 / 冷却60秒 奇娅拉开始暴走并展开翅膀，持有暴走值的期间进行变身，增加普攻射程及体力上限。暴走期间每秒消耗暴走值。暴走将给范围内的敌人造成技能伤害，每个目标将恢复奇娅拉的体力，获得暴走值。暴走中的奇娅拉可以施法最后的审判。 最后的审判 : 快速赋予目标烙印，并根据烙印叠层造成真实伤害，击杀实验体时，重置暴走状态，可以再次使用最后的审判。 使用最后的审判后，赋予目标烙印的期间处于无法指定目标状态。,dak.gg api zh-CN + er-gamedata coefficient text
014-chiara-r-1014510,14,Chiara,奇娅拉,Chiara,R,1014510,ChiaraActive4judgment,None,最后的审判,3,false,false,0,,no_structured_extension_in_er-gamedata,,无消耗,dak.gg api zh-CN + er-gamedata coefficient text
015-sissela-p-1015100,15,Sissela,希瑟拉,Sissela,P,1015100,None,SisselaPassive,苦痛的记忆,3,true,false,0,,no_structured_extension_in_er-gamedata,随着希瑟拉的体力值下降，她的体力恢复量和技能增幅就会增加。 每秒体力恢复量{0} ~ {1} 技能增幅 : {2} ~ {3} 每当威尔逊回到希瑟拉身边时，下一个普通攻击就会给敌人造成{4}(+技能增幅{8})(+实验体级别 * {10})额外技能伤害，{6}秒间移动速度减缓{7}。,无消耗 / 冷却2秒 随着希瑟拉的体力值下降，她的体力恢复量和技能增幅就会增加。 当威尔逊回到希瑟拉身边时，下一个普通攻击就会给敌人造成额外技能伤害，降低敌人的移动速度。,dak.gg api zh-CN + er-gamedata coefficient text
015-sissela-p-1015110,15,Sissela,希瑟拉,Sissela,P,1015110,SisselaPassiveNormalAttackMount,None,시셀라 평타강화,1,false,false,0,,no_structured_extension_in_er-gamedata,,,er-gamedata zh-CN fallback
015-sissela-q-1015200,15,Sissela,希瑟拉,Sissela,Q,1015200,SisselaActive1,None,去吧！威尔逊！,5,true,false,0,,no_structured_extension_in_er-gamedata,威尔逊飞向指定位置对路径上的敌人造成{1}(+技能增幅{5})的技能伤害，达到指定位置后对范围内的敌人造成{3}(+技能增幅{6})的技能伤害。,体力 40 / 冷却8秒 威尔逊飞向指定位置对路径上的敌人造成技能伤害，并在达到指定位置后对范围内的敌人造成技能伤害。,dak.gg api zh-CN + er-gamedata coefficient text
015-sissela-w-1015300,15,Sissela,希瑟拉,Sissela,W,1015300,SisselaActive2,None,小威！保护我！,5,true,false,0,,no_structured_extension_in_er-gamedata,威尔逊拥抱希瑟拉{0}秒，阻断一切伤害，移动速度增加{5}。 再次使用技能或者持续时间结束时威尔逊将会爆破，给周围的敌人造成{1}(+技能增幅{3})的技能伤害。,体力 50 / 冷却17秒 威尔逊拥抱希瑟拉，会阻断一切伤害，此时移动速度增加。 再次使用技能或者持续时间结束时威尔逊将会爆破，给周围的敌人造成伤害。,dak.gg api zh-CN + er-gamedata coefficient text
015-sissela-e-1015400,15,Sissela,希瑟拉,Sissela,E,1015400,SisselaActive3,None,一起玩吧！,5,true,false,0,,no_structured_extension_in_er-gamedata,威尔逊将身体拉长伸向指定的方向，并瞬间将遇到的目标拉动过来。目标为希瑟拉时，生成持续{2}秒的{0}(+技能增幅的{8})护盾，目标为敌人时，造成{3}(+技能增幅{7})技能伤害并使其晕厥{5}秒。 拉动目标为希瑟拉时，冷却减少{6}秒。 在拖动目标时使用技能去吧！威尔逊！将朝该方向移动。,无消耗 / 冷却11秒 威尔逊将身体拉长伸向指定的方向将碰上的敌人瞬间拉过来，如果对象是希瑟拉，会产生一定时间的护盾。如果是敌人，会给对方造成伤害并使其晕厥片刻。 如果拉过来的是希瑟拉，将缩减冷却时间。 在拖动目标时使用技能去吧！威尔逊！将朝该方向移动。,dak.gg api zh-CN + er-gamedata coefficient text
015-sissela-r-1015500,15,Sissela,希瑟拉,Sissela,R,1015500,SisselaActive4,None,最终解脱,3,true,false,0,,no_structured_extension_in_er-gamedata,希瑟拉于1秒内聚精会神，3秒后给希瑟拉半径{5}m内的所有敌人实验体及自身造成{0}(+技能增幅{9})的技能伤害。 希瑟拉每失去1%体力值，会给敌人造成额外伤害{2}。 即使希瑟拉受到伤害，体力也不会低于{8}。 给敌人造成伤害后，被动技能的效果将在{3}秒间增加{4}%。,无消耗 / 冷却90秒 希瑟拉於1秒内聚精会神，3秒后给一定范围内的敌人实验体和自身造成与希瑟拉已失体力成正比的技能伤害。 即使希瑟拉受到伤害，体力也不会低于100。 在给敌人造成伤害后，被动技能的效果将暂时增加。,dak.gg api zh-CN + er-gamedata coefficient text
016-silvia-p-1016100,16,Silvia,西尔维娅,Silvia,P,1016100,None,SilviaPassive,卢米亚越野赛,3,true,false,0,,no_structured_extension_in_er-gamedata,每次西尔维娅踏进除研究中心外的新区域时，她的攻击速度增加{0}，燃料上限增加{8}。如果成功探索10个区域，技能增幅将增加{2}，攻击速度增加{6}。 在不骑乘摩托车的情况下，每{1}秒获得{5}燃料。,无消耗 每次西尔维娅踏进除研究中心外的新区域时，她的攻击速度与燃料上限都会得到提升。如果成功探索10个区域，增加攻速与技能增幅。 在不骑乘摩托车的情况下，每隔一段时间获得燃料。,dak.gg api zh-CN + er-gamedata coefficient text
016-silvia-q-1016200,16,Silvia,西尔维娅,Silvia,Q,1016200,SilviaHumanActive1,SilviaHumanActive1Passive,雷达枪,5,true,false,0,,no_structured_extension_in_er-gamedata,西尔维娅指定敌人发射雷达枪，给路径上的敌人造成{0}(+技能增幅的{7})的技能伤害，给路径上的队友带来{2}(+技能增幅的{8})的体力恢复。 技能每命中一个目标可以获得{6}燃料。,无消耗 / 冷却6秒 一般 : 西尔维娅指定敌人发射雷达枪，给路径上的敌人造成技能伤害的同时，恢复路径上的队友体力。 根据被技能击中的敌人数量，获得燃料。 摩托车模式: 西尔维娅旋转摩托车，范围内的敌人承受技能伤害。,dak.gg api zh-CN + er-gamedata coefficient text
016-silvia-w-1016300,16,Silvia,西尔维娅,Silvia,W,1016300,SilviaHumanActive2,None,终点线,5,true,false,0,,no_structured_extension_in_er-gamedata,西尔维娅在指定的位置生成终点线，对触及终点线的敌人造成{0}(+技能增幅的{5})的技能伤害，并使其移动速度在{2}秒内降低至{3}。 移动速度减少效果只在第一次触及时适用。 技能每命中一个目标可以获得{6}燃料。,无消耗 / 冷却14秒 一般: 西尔维娅在指定的位置生成终点线，对触及终点线的敌人造成技能伤害，并使其移动速度降低。 移动速度减少效果只在第一次触及时适用。 根据命中的目标数获得燃料。 摩托车模式 : 向西尔维娅面朝的方向跳跃，范围内的敌人承受技能伤害并悬空。,dak.gg api zh-CN + er-gamedata coefficient text
016-silvia-e-1016400,16,Silvia,西尔维娅,Silvia,E,1016400,SilviaHumanActive3,None,备用轮,5,true,false,0,,no_structured_extension_in_er-gamedata,西尔维娅往指定的方向滚出备用轮，被击中的敌人根据距离将受到从{0}(+技能增幅的{7})到最大 {2}(+技能增幅的{8})的技能伤害。 如果是在{4}m 内被击中，就会被击退。 击中敌人如果超过{4}m的距离，会获得{5}~{6}的燃料。,无消耗 / 冷却14秒 一般: 西尔维娅往指定的方向滚出备用轮，被击中的敌人根据距离受到技能伤害。 敌人在近处被击中，就会被击退。 根据击中的距离，获得燃料。 摩托车模式: 西尔维娅指定目标敌人，抬起摩托车前轮突进，对击退命中的敌人并造成技能伤害。 根据摩托车当前的移动速度增加伤害量。,dak.gg api zh-CN + er-gamedata coefficient text
016-silvia-r-1016500,16,Silvia,西尔维娅,Silvia,R,1016500,SilviaHumanActive4,None,极限骑乘,3,true,false,0,,no_structured_extension_in_er-gamedata,西尔维娅骑乘摩托车，每{3}秒消耗{2}燃料，基本移动速度提高{0}，防御力增加{4}，并且可以使用摩托车技能。 骑乘摩托车预热期间移动速度会有变化。 {5}秒间移动速度变化量 : {6} 技能在燃料数为{1}以上时，方可使用。 骑乘摩托中无法使用普通攻击和武器技能。,无消耗 / 冷却5秒 一般: 西尔维娅骑乘摩托车，每隔一段时间就会消耗燃料，提高基本移动速度和防御力，并且可以使用摩托车技能。 骑乘摩托车预热期间移动速度会有变化。 技能在燃料数达到一定数量后，方可使用。 骑乘摩托中无法使用普通攻击以及武器技能。 摩托车模式: 在退出摩托车模式时，西尔维娅技能将有所变化。 一定时间内的下一个普攻造成额外技能伤害。,dak.gg api zh-CN + er-gamedata coefficient text
017-adriana-p-1017100,17,Adriana,阿德瑞娜,Adriana,P,1017100,None,AdrianaPassive,纵火狂,3,true,false,0,,no_structured_extension_in_er-gamedata,阿德瑞娜造成技能伤害并使敌人处于烧伤状态。处于烧伤状态的敌人{8}秒间承受{20}(+技能增幅的{21})的技能伤害，持续期间防御力减少{9}。处于烧伤的敌人{10}秒间无法再次被火烧伤。,无消耗 阿德瑞娜造成技能伤害并使敌人处于烧伤状态。处于烧伤状态的敌人防御力降低，一定期间内承受技能伤害。烧伤的敌人一段时间内无法被烧伤。,dak.gg api zh-CN + er-gamedata coefficient text
017-adriana-q-1017200,17,Adriana,阿德瑞娜,Adriana,Q,1017200,AdrianaActive1,None,火焰发射,5,true,false,0,,no_structured_extension_in_er-gamedata,阿德瑞娜向指定的方向使用火焰喷射器喷射火焰2秒，每{0}秒都会给敌人带来 {2}(+技能增幅{3})的技能伤害。,无消耗 / 冷却0.26秒(蓄能4秒) 阿德瑞娜往指定的方向使用火焰喷射器喷射火焰，给敌人带来技能伤害。,dak.gg api zh-CN + er-gamedata coefficient text
017-adriana-w-1017300,17,Adriana,阿德瑞娜,Adriana,W,1017300,AdrianaActive2,None,原油弹,5,true,false,0,,no_structured_extension_in_er-gamedata,阿德瑞娜往指定的方向喷洒原油，原油可在地面维持{0}秒。用技能可以点燃原油，或者当处于烧伤状态的敌人走入原油喷洒区域时，将形成能够持续{1}秒的火焰地带。 处于原油喷洒区域的敌人移动速度减少{2}。,无消耗 / 冷却0.3秒(蓄能13秒) 阿德瑞娜向指定的方向喷洒原油，原油可在地面维持一段时间。阿德瑞娜可以使用技能点燃原油，或者当处于烧伤状态的敌人走入原油喷洒区域时，将形成能够持续一段时间的火焰地带。处于原油喷洒区域的敌人移动速度减少。,dak.gg api zh-CN + er-gamedata coefficient text
017-adriana-e-1017400,17,Adriana,阿德瑞娜,Adriana,E,1017400,AdrianaActive3,AdrianaActive3Passive,Fire Walker,5,true,false,0,,no_structured_extension_in_er-gamedata,被动效果 : 阿德瑞娜使用技能形成火焰地带。 火焰地带每{1}秒会给范围内的敌人造成{3}(+技能增幅{4})的技能伤害并降低敌人{2}的移动速度。 阿德瑞娜向指定的方向突进，路径中留下可维持{0}秒的火纹。,无消耗 / 冷却0.23秒(蓄能19秒) 被动效果 : 阿德瑞娜使用技能形成火焰地带。火焰地带会给范围内的敌人造成技能伤害，并减少其移动速度。 阿德瑞娜向指定的方向突进，路径中留下的火纹可维持一段时间。,dak.gg api zh-CN + er-gamedata coefficient text
017-adriana-r-1017500,17,Adriana,阿德瑞娜,Adriana,R,1017500,AdrianaActive4,None,莫洛托夫燃烧瓶,3,true,false,0,,no_structured_extension_in_er-gamedata,阿德瑞娜往指定的位置投放燃烧瓶，燃烧瓶落地瞬间即爆炸，可造成{0}(+技能增幅的{5})的技能伤害。燃烧瓶爆破的位置可生成维持{4}秒的火焰地带。 燃烧瓶最多可以恢复{3}瓶。,无消耗 / 冷却1秒(蓄能24秒) 阿德瑞娜往指定的位置投放燃烧瓶，燃烧瓶落地瞬间即爆炸，可给敌人造成技能伤害。燃烧瓶爆破的位置将生成火焰地带。 燃烧瓶数量于一定时间内会恢复，最多可恢复3瓶。,dak.gg api zh-CN + er-gamedata coefficient text
018-shoichi-p-1018100,18,Shoichi,彰一,Shoichi,P,1018100,None,ShoichiPassive,骗局,3,true,false,0,,no_structured_extension_in_er-gamedata,彰一使用技能击中敌人{5}秒间获得骗局叠层。(叠层上限 : {1}叠层) 叠层上限时，下次普攻造成{2}(+技能增幅的{8})(+ 目标体力上限的{9})的额外技能伤害，并在敌人后方生成短剑。 彰一再次拾起短剑，{0}m内有敌人时，投掷短剑造成{3}(+技能增幅的{7})的技能伤害。短剑将优先投掷向距离内拥有协商标识的目标。,无消耗 彰一使用技能击中敌人就会获得骗局叠层。 达到叠层上限时，下个普攻造成额外技能伤害。并在敌人后方生成短剑。 彰一再次拾起短剑，如果周围有敌人将投掷短剑造成技能伤害。优先向距离内拥有协商标识的目标投掷短剑,dak.gg api zh-CN + er-gamedata coefficient text
018-shoichi-q-1018200,18,Shoichi,彰一,Shoichi,Q,1018200,ShoichiActive1_1,None,双面人,5,true,false,0,,no_structured_extension_in_er-gamedata,彰一向指定方向进行戳刺攻击，给敌人造成{0}(+技能增幅的{4})的技能伤害。 如果戳刺成功，双面人的冷却时间减少{2}秒，并会触发笑里藏刀技能，可扩大攻击范围，并在彰一正前方设置短剑。 {3}秒后笑里藏刀技能将会消失。,无消耗 / 冷却8秒 彰一进行戳刺攻击，给敌人造成技能伤害。 如果戳刺成功，减少双面人的冷却时间，并触发笑里藏刀技能，可扩大攻击范围，并在彰一正前方设置短剑。,dak.gg api zh-CN + er-gamedata coefficient text
018-shoichi-q-1018210,18,Shoichi,彰一,Shoichi,Q,1018210,ShoichiActive1_2,None,笑里藏刀,5,false,false,0,,no_structured_extension_in_er-gamedata,,,er-gamedata zh-CN fallback
018-shoichi-w-1018300,18,Shoichi,彰一,Shoichi,W,1018300,ShoichiActive2,None,提案,5,true,false,0,,no_structured_extension_in_er-gamedata,彰一快速冲向敌人或至短剑投放位置，对路径中的敌人造成 {0}(+技能增幅的{2})技能伤害。短剑回收后，重置提案的冷却时间。,无消耗 / 冷却16秒 彰一快速冲向敌人或至短剑投放位置，对路径上的敌人造成技能伤害。 短剑回收后，重置提案的冷却时间。,dak.gg api zh-CN + er-gamedata coefficient text
018-shoichi-e-1018400,18,Shoichi,彰一,Shoichi,E,1018400,ShoichiActive3,None,协商,5,true,false,0,,no_structured_extension_in_er-gamedata,彰一后退并向前方投掷短剑，命中的敌人承受{0}(+技能增幅的{4})的技能伤害，{2}秒间移动速度减少{3}。被命中的敌人赋予协商标识，持续{5}秒并在敌人后方生成短剑。敌人因投掷的短剑承受伤害增加{7}，每当短剑命中标识的对象时，冷却减少{6}秒。 标识的对象死亡时，冷却减少{8}。,无消耗 / 冷却13秒 彰一后退并向前方投掷短剑，命中的敌人承受技能伤害，移动速度减少。被命中的敌人赋予协商标识，被标识的对象因短剑承受的伤害增加，每次短剑命中时，都会减少冷却时间。并在敌人后方生成短剑。标识的对象死亡时，大幅减少冷却。,dak.gg api zh-CN + er-gamedata coefficient text
018-shoichi-r-1018500,18,Shoichi,彰一,Shoichi,R,1018500,ShoichiActive4,None,无情杀戮,3,true,false,0,,no_structured_extension_in_er-gamedata,彰一挥动内藏玄机的公文包对四方的敌人造成{0}(+技能增幅的{6})的技能伤害，{2}间降低移动速度 {5}。 挥动公文包时同时向四周投掷4把短剑，短剑在飞行中穿透敌人，给敌人造成{3}(+技能增幅的{7})的技能伤害。,无消耗 / 冷却80秒 彰一挥动内藏玄机的公文包对周围的敌人造成技能伤害，并降低敌人移动速度。 挥动公文包时同时向四周投掷4把短剑，短剑在飞行中穿透敌人，给敌人造成技能伤害。,dak.gg api zh-CN + er-gamedata coefficient text
019-emma-p-1019100,19,Emma,艾玛,Emma,P,1019100,None,EmmaPassive,CheerUP♥,3,true,false,0,,no_structured_extension_in_er-gamedata,艾玛每{0}秒发动普攻时攻击速度增加{5}，并给敌人带来{12}(+技能增幅{11})的额外技能伤害，获得{2}(+技能增幅{10})的魔术护盾。,无消耗 / 冷却12秒 当艾玛每隔一段时间进行普攻时，将强化普攻，命中时可以造成额外技能伤害并获得护盾。 使用强化普攻时，攻击速度将变快。,dak.gg api zh-CN + er-gamedata coefficient text
019-emma-p-1019110,19,Emma,艾玛,Emma,P,1019110,EmmaPassiveAttack,None,엠마 강화 공격,1,false,false,0,,no_structured_extension_in_er-gamedata,,,er-gamedata zh-CN fallback
019-emma-q-1019200,19,Emma,艾玛,Emma,Q,1019200,EmmaActive1Summon,None,鸽子魔术秀,5,true,false,0,,no_structured_extension_in_er-gamedata,艾玛朝指定方向飞纸牌，对敌人造成{0}(+技能增幅{9})的技能伤害，并在自身所在位置释放鸽子{3}秒。 当艾玛飞纸牌时，如果附近有鸽子，鸽子会变成纸牌飞出造成同等伤害。 如有敌人被艾玛的纸牌击中，鸽子魔术秀的冷却时间将减少{4}。 如果艾玛和鸽子纸牌都击中了同一个目标，{5}秒间移动速度减少{6}。,无消耗 / 冷却5秒 艾玛朝指定方向飞纸牌，对敌人造成技能伤害，并在原地释放鸽子。 当艾玛飞纸牌时，如果附近有鸽子，鸽子会变成纸牌飞出，可造成同等伤害。 如有敌人被艾玛的纸牌击中，鸽子魔术秀的冷却时间将减少。 如果艾玛和鸽子纸牌都击中了同一个目标，该目标移动速度降低。,dak.gg api zh-CN + er-gamedata coefficient text
019-emma-w-1019300,19,Emma,艾玛,Emma,W,1019300,EmmaActive2,None,不思议帽子,5,true,false,0,,no_structured_extension_in_er-gamedata,艾玛将魔术帽子扔到指定的位置，帽子会在{4}秒后闪爆，给范围内的敌人造成 {0}(+技能增幅的{5})的技能伤害。 帽子留在原地{2}秒。 如果击中敌人，不思议帽子的冷却将减少{3}。,无消耗 / 冷却10秒 艾玛将帽子扔到指定的位置，片刻后帽子将会闪爆，给范围内的敌人造成技能伤害。如果击中敌人，不思议帽子的冷却将减少。,dak.gg api zh-CN + er-gamedata coefficient text
019-emma-e-1019400,19,Emma,艾玛,Emma,E,1019400,EmmaActive3,None,百变魔兔,5,true,false,0,,no_structured_extension_in_er-gamedata,艾玛向指定的敌人施放魔术，使目标敌人在{0}秒间变身为萌萌的兔子，变身为兔子的敌人此时只能移动，不能做任何其他动作，并承受{4}(+技能增幅{5})的技能伤害。 变身成兔子的敌人移动速度降低{2} 。,无消耗 / 冷却14秒 艾玛向指定的敌人施放魔术，使目标敌人变身为兔子，变身为兔子的敌人此时只能移动，不能做任何其他动作并承受技能伤害。 变身兔子的敌人移动速度降低。 无法对濒死状态中的敌人使用此技能。,dak.gg api zh-CN + er-gamedata coefficient text
019-emma-r-1019500,19,Emma,艾玛,Emma,R,1019500,EmmaActive4,None,Change★,3,true,false,0,,no_structured_extension_in_er-gamedata,艾玛可选择将自己传送到她的鸽子，帽子或兔子的位置并根据敌人施展额外的魔术。 鸽子 : 鸽子传送到艾玛所处位置，对路径上的敌人造成{0}(+技能增幅{10})技能伤害，并将其束缚 {4}秒。 帽子 : 帽子传送到艾玛所处位置，给范围内的敌人带来{2}(+技能增幅{11})的技能伤害，并将其拉到帽子的中心。 兔子 : 给兔子周围的敌人施展魔术，在{5}秒间将所有敌人变身为兔子，造成{13}(+技能增幅{12})的技能伤害。 变身兔子的敌人移动速度降低{7}，同时艾玛的CheerUP♥技能冷却时间将被重置。,无消耗 / 冷却13秒 艾玛可选择将自己传送到她的鸽子、帽子或兔子的位置并根据目标施展额外的魔术。 鸽子 : 鸽子传送到艾玛所处位置，对路径上的敌人造成技能伤害，并将其束缚。 帽子 : 帽子传送到艾玛所处位置，给范围内的敌人带来技能伤害，并将其拉到帽子的中心。 兔子 : 给兔子周围的敌人施展魔术，将敌人变身为兔子并造成技能伤害。 变身兔子的敌人移动速度降低。同时重置艾玛CheerUP♥技能冷却时间。,dak.gg api zh-CN + er-gamedata coefficient text
020-lenox-p-1020100,20,Lenox,伦诺克斯,Lenox,P,1020100,None,LenoxPassive,神钓手的直觉,3,true,false,0,,no_structured_extension_in_er-gamedata,神钓手 : 当伦诺克斯通过钓鱼获得鱼时，将额外获得1件物品，不包括武器。 直觉 : 对敌方实验体进行普攻及技能伤害时，将获得体力上限{0}的护盾、持续{1}秒。伦诺克斯使用技能对敌人造成伤害时，技能冷却时间缩减{6}。,无消耗 / 冷却15秒 当伦诺克斯通过钓鱼获得鱼时，会额外获得物品，不包括武器。 每隔一段时间对敌人实验体造成普攻及技能攻击伤害时，将获得护盾。伦诺克斯技能对敌人造成伤害时，将缩减技能冷却时间。,dak.gg api zh-CN + er-gamedata coefficient text
020-lenox-q-1020200,20,Lenox,伦诺克斯,Lenox,Q,1020200,LenoxActive1,None,蛇影舞,5,true,false,0,,no_structured_extension_in_er-gamedata,伦诺克斯舞动鱼竿形成一个圆圈，范围内的敌人承受{0}(+技能增幅的{5})技能伤害。对处于区域边缘位置的敌人造成体力上限{2}额外技能伤害。击中一个敌人可获得1个叠层，每个叠层都会使蛇影舞的冷却时间降低{3}秒。(叠层上限 : {4}),无消耗 / 冷却3秒 伦诺克斯舞动鱼竿形成一个圆圈，圆圈区域内的敌人承受技能伤害，处于区域边缘位置的敌人会根据伦诺克斯体力上限承受额外技能伤害。击中一个敌人可获得1层叠层，每个叠层都会使蛇影舞的冷却时间降低。给两个或两个以上的敌人造成伤害时，伤害量降低。,dak.gg api zh-CN + er-gamedata coefficient text
020-lenox-w-1020300,20,Lenox,伦诺克斯,Lenox,W,1020300,LenoxActive2,None,蔓藤毒牙,5,true,false,0,,no_structured_extension_in_er-gamedata,伦诺克斯挥舞鱼竿两次。第一次挥杆时，对附近的敌人造成{0}(+技能增幅的{9})的技能伤害，{5}秒间移动速度降低{6}。第二次挥杆时，对敌人造成{3}(+技能增幅的{10})的技能伤害并将敌人拉向自己。,无消耗 / 冷却16秒 伦诺克斯挥舞鱼竿两次。第一次挥杆时，对附近的敌人造成技能伤害，并降低敌人一定时间内的移动速度。第二次挥杆时，对敌人造成技能伤害并将敌人拉向自己。,dak.gg api zh-CN + er-gamedata coefficient text
020-lenox-e-1020400,20,Lenox,伦诺克斯,Lenox,E,1020400,LenoxActive3,None,反向双钓,5,true,false,0,,no_structured_extension_in_er-gamedata,伦诺克斯从后向前挥动鱼竿，对范围内的敌人造成{0}(+技能增幅{4})(+目标体力上限{5})的技能伤害并击退敌人，使其移动速度降低{3}，持续{2}秒。,无消耗 / 冷却9秒 伦诺克斯从后向前挥动鱼竿，对范围内的敌人造成技能伤害并击退敌人，使其移动速度降低一段时间。,dak.gg api zh-CN + er-gamedata coefficient text
020-lenox-r-1020500,20,Lenox,伦诺克斯,Lenox,R,1020500,LenoxActive4,None,青蛇,3,true,false,0,,no_structured_extension_in_er-gamedata,伦诺克斯向指定的方向以X形快速挥动两次鱼竿，每次造成 {0}(+技能增幅的{6})的技能伤害，并形成{3}秒的青蛇效果。 青蛇效果 : 随着所行走的距离，每{4}秒造成{2}的真实伤害。两次命中目标都会造成{5}真实伤害，此伤害与所移动的距离成正比。,无消耗 / 冷却80秒 伦诺克斯向指定的方向以X形快速挥动两次鱼竿，造成技能伤害，并形成的青蛇效果。 青蛇 : 根据随着行走距离造成真实伤害。两次全部命中目标时，将造成更大的真实伤害，此伤害与移动的距离成正比。,dak.gg api zh-CN + er-gamedata coefficient text
021-rozzi-p-1021100,21,Rozzi,洛兹,Rozzi,P,1021100,RozziNormalAttackDoubleShot,RozziPassive,双杀,3,true,false,0,,no_structured_extension_in_er-gamedata,如果洛兹在使用技能后{2}秒内进行普通攻击，可以快速连发两枚子弹，给敌人造成(攻击力的{0}) * (普攻增幅)和 (攻击力的{1}) * (普攻增幅)的普攻伤害。 洛兹摄取带有巧克力成分的食物时，{3}分钟内攻击力增加{4}。,无消耗 洛兹在使用技能后几秒内进行普通攻击，可以快速连发两枚子弹，给敌人造成普攻伤害。洛兹摄取带有巧克力成分的食物时，暂时增加攻击速度。,dak.gg api zh-CN + er-gamedata coefficient text
021-rozzi-q-1021200,21,Rozzi,洛兹,Rozzi,Q,1021200,RozziActive1,None,随意射击,5,true,false,0,,no_structured_extension_in_er-gamedata,洛兹朝指定的方向开枪，给路径上的敌人带来{0}(+攻击力的{1})的技能伤害。 如果击中目标，{3}秒内下一个移动执行突进，同时随意射击的冷却会减少{2}。,无消耗 / 冷却5秒 洛兹朝指定的方向开枪，给路径上的敌人造成技能伤害。如果击中目标，几秒内下一个移动执行突进，同时随意射击的冷却会减少。,dak.gg api zh-CN + er-gamedata coefficient text
021-rozzi-q-1021210,21,Rozzi,洛兹,Rozzi,Q,1021210,RozziActive1Move,None,이지샷(이동),1,false,false,0,,no_structured_extension_in_er-gamedata,,,er-gamedata zh-CN fallback
021-rozzi-w-1021300,21,Rozzi,洛兹,Rozzi,W,1021300,RozziActive2,None,全视角狙击,5,true,false,0,,no_structured_extension_in_er-gamedata,洛兹举枪进行360度全视角狙击，给周围的敌人带来{0}(+攻击力{1})的技能伤害，{3}秒间减少敌人{4}防御力及{5}治愈效果。 洛兹在狙击期间移动速度增加，命中敌人时冷却减少{7}。,无消耗 / 冷却6秒 洛兹举枪进行360度全视角狙击，给周围的敌人带来技能伤害，减少其防御力及治愈效果。 洛兹在狙击期间移动速度增加，命中敌人时将缩减冷却。,dak.gg api zh-CN + er-gamedata coefficient text
021-rozzi-e-1021400,21,Rozzi,洛兹,Rozzi,E,1021400,RozziActive3_1,None,中空弹,5,true,false,0,,no_structured_extension_in_er-gamedata,洛兹翻越指定的目标，在目标所处位置发射一枚子弹，造成{0}(+攻击力的{1})的技能伤害，使目标陷入晕厥{2}秒。 洛兹在翻越的途中不能被指定为目标。,无消耗 / 冷却18秒 洛兹翻越指定的目标，在目标所处位置发射一枚子弹，造成技能伤害并使目标陷入晕厥。洛兹在翻越的途中不能被指定为目标。,dak.gg api zh-CN + er-gamedata coefficient text
021-rozzi-r-1021500,21,Rozzi,洛兹,Rozzi,R,1021500,RozziActive4,None,塞姆汀高爆弹 Mk-II,3,true,false,0,,no_structured_extension_in_er-gamedata,洛兹发射子弹，附着在敌人或地面，子弹会在{0}秒后爆破。 如果子弹附着在敌人身上，敌人的移动速度将降低{1}，并在爆破时给敌人造成{2}(+攻击力的{3})的技能伤害。 被附着子弹的目标将和洛兹共享视野。 在子弹爆破前使用普攻命中敌人{4}次，子弹将立即爆破，给造成敌人体力上限{5}的真实伤害，并在{10}秒间减少移动速度{11}。 在子弹附着在敌人身上时使用技能击中敌人被视为{9}次普通攻击。 子弹立即爆破使塞姆汀高爆弹 Mk-Il的技能冷却时间减少{6}，移动速度{7}秒间增加{8}。,无消耗 / 冷却25秒 洛兹发射子弹，附着在敌人或地面，子弹会在几秒后爆破，并在爆破时给敌人造成技能伤害。 如果子弹附着在敌人身上，敌人的移动速度将降低。 被附着子弹的目标将和洛兹共享视野。 在子弹爆破前使用普攻命中敌人5回，子弹将马上爆破给敌人造成体力上限一定比例的真实伤害，并减少其移动速度。 使用技能击中敌人算作2回普通攻击。 子弹爆破使塞姆汀高爆弹 Mk-Il的技能冷却时间减少，移动速度增加。,dak.gg api zh-CN + er-gamedata coefficient text
022-luke-p-1022100,22,Luke,卢克,Luke,P,1022100,None,LukePassive,完美管家,3,true,false,0,,no_structured_extension_in_er-gamedata,卢克普攻或技能对敌人造成伤害时，{9}秒内攻击速度增加{10}，最多可以叠加至{11}次。 满意度 : 卢克参与击杀实验体时，恢复{0}失去的体力，击杀维克莱恩时恢复{2}失去的体力。 完美管家 : 卢克每次击杀实验体、野生动物和获取补给箱时，都会获得完美管家叠层。 每叠加到一定叠层时都可获得1个升级点，从{6}叠层开始，每{7}个叠层可以使满意度增加{8}。,无消耗 卢克普攻或技能对敌人造成伤害时，短时间内的攻击速度增加。 满意度 : 卢克参与击杀实验体或维克莱恩时，将恢复部分失去的体力。 完美管家 : 卢克每次击杀实验体、野生动物和获取补给箱时，都会获得完美管家叠层。完美管家叠层累积到一定数量时，卢克可以升级其技能。,dak.gg api zh-CN + er-gamedata coefficient text
022-luke-q-1022200,22,Luke,卢克,Luke,Q,1022200,LukeActive1_1,None,保洁服务,5,true,false,0,,no_structured_extension_in_er-gamedata,卢克投掷清洁剂，对第一个击中的敌人造成{0}(+额外攻击力的{1})技能伤害，获得该敌人的视野。接下来{3}秒内可再次使用该技能。 再次使用时 : 卢克冲向被击中的敌人，根据目标失去的体力对其造成{4}(+额外攻击力的{5}) ~ {6}(+额外攻击力的{7})的技能伤害。 升级效果 : 再次使用时卢克将向敌人突进，并在造成伤害时使目标{8}秒内的防御力减少{9}。,无消耗 / 冷却15秒 卢克投掷清洁剂，对第一个击中的敌人造成技能伤害，获得该敌人的视野。接下来一段时间内可再次使用该技能。 再次使用时 : 卢克冲向被击中的敌人，根据目标失去的体力对其造成技能伤害。 升级效果 : 再次使用时卢克将向敌人突进，并在造成伤害时暂时降低目标的防御力。,dak.gg api zh-CN + er-gamedata coefficient text
022-luke-q-1022210,22,Luke,卢克,Luke,Q,1022210,LukeActive1_2,None,保洁服务,5,true,false,0,,no_structured_extension_in_er-gamedata,卢克投掷清洁剂，对第一个击中的敌人造成{0}(+额外攻击力的{1})技能伤害，获得该敌人的视野。接下来{3}秒内可再次使用该技能。 再次使用时 : 卢克冲向被击中的敌人，根据目标失去的体力对其造成{4}(+额外攻击力{5}) ~ {6}(+额外攻击力{7})的技能伤害。 升级效果 : 再次使用时卢克将向敌人突进，并在造成伤害时使目标{8}秒内的防御力减少{9}。,卢克投掷清洁剂，对第一个击中的敌人造成{0}技能伤害，获得该敌人的视野。接下来{1}秒内可再次使用该技能。 再次使用时 : 卢克冲向被击中的敌人，根据目标失去的体力对其造成{2} ~ {3}的技能伤害。 升级效果 : 再次使用时卢克将向敌人突进，并在造成伤害时使目标{4}秒内的防御力减少{5}。,er-gamedata zh-CN fallback
022-luke-w-1022300,22,Luke,卢克,Luke,W,1022300,LukeActive2,LukeActive2Passive,强迫症,5,true,false,0,,no_structured_extension_in_er-gamedata,卢克挥动清洁工具，造成{0}(+攻击力{1})的技能伤害，每命中一个敌人时，卢克可以恢复{2}失去的体力。最多可以恢复至{4}。 升级效果 : 普攻命中敌人时，强迫症冷却时间减少{3}秒。,无消耗 / 冷却10秒 卢克挥动清洁工具，造成技能伤害，每命中一个敌人时，卢克可以恢复部分失去的体力。 升级效果 : 普攻命中敌人时，缩减强迫症冷却时间。,dak.gg api zh-CN + er-gamedata coefficient text
022-luke-e-1022400,22,Luke,卢克,Luke,E,1022400,LukeActive3,LukeActive3Passive,无声扫除机,5,true,false,0,,no_structured_extension_in_er-gamedata,被动效果 : 卢克在攻击或击杀目标时，迷你地图不会显示噪音标记。 卢克移动到指定的敌人、队友及自己设置的监视器的所在位置，使用手枪造成{0}(+攻击力{1})的技能伤害、妨碍集中精神，并使对方在{3}秒间移动速度减少{4}。用于队友或自己设置的监视器时，可以增加技能射程范围，使用后重置监视器设置冷却。 升级效果: 当卢克对体力在{5}以下的敌人施法无声扫除机并造成伤害时，可直接击杀目标。此外，当卢克参与击杀敌人实验体时，将重置无声扫除机和设置监视器的冷却时间。,无消耗 / 冷却14秒 被动效果 : 卢克在攻击或击杀目标时，迷你地图不会显示噪音标记。 卢克移动到指定的敌人、队友及自己设置的监视器的所在位置，使用手枪造成技能伤害、妨碍集中精神，降低目标移动速度。用于队友或自己设置的监视器时，可以增加技能射程范围，使用后重置监视器设置冷却。 升级效果: 当卢克低于一定程度的敌人施法无声扫除机并造成伤害时，可直接击杀目标。此外，当卢克参与击杀敌人实验体时，将重置无声扫除机和设置监视器的冷却时间。,dak.gg api zh-CN + er-gamedata coefficient text
022-luke-r-1022500,22,Luke,卢克,Luke,R,1022500,LukeActive4,LukeActive4Passive,售后服务,3,true,false,0,,no_structured_extension_in_er-gamedata,被动效果 : 卢克每次普攻命中敌人时，都会施加标记，标记最多可以叠加{0}次。卢克对标记的目标造成技能伤害时，每个叠层可以造成{1}(+攻击力{2})(+目标体力上限{3})的额外伤害，同时每个叠层可以使目标{4}秒内的移动速度减少{5}。 卢克向后跳跃使用清洁工具发射爆炸性弹药，基于失去的体力对范围内的敌人造成{6}(+额外攻击力{7}) ~ {8}(+额外攻击力{9})的技能伤害，并使其{10}秒内移动速度降低{11}。 升级效果 : 获得承受售后服务伤害的目标的视野，视野持续{12}秒，同时移动速度减少量变为{13}。,无消耗 / 冷却80秒 被动效果 : 卢克每次普攻命中敌人时，都会施加标记。卢克施法技能对已标记的目标造成技能伤害时，将造成额外伤害并降低目标的移动速度。 卢克向后跳跃使用清洁工具发射爆炸性弹药，基于失去的体力对范围内的敌人造成技能伤害，并降低其移动速度。 升级效果 : 获得承受售后服务伤害的目标的视野，大幅增加其移动速度减少量。,dak.gg api zh-CN + er-gamedata coefficient text
023-cathy-p-1023100,23,Cathy,凯希,Cathy,P,1023100,None,CathyPassive,外科专家,3,true,false,0,,no_structured_extension_in_er-gamedata,凯希对敌人造成技能伤害时，{0}秒间赋予造成技能增幅的{13}真实伤害的外伤。当一共累积{5}个外伤叠层时，可在{6}秒间形成致命外伤状态，造成体力上限{7}(+技能增幅的{14})的真实伤害。处于致命外伤状态的敌人治愈效果减少{16}。 赋予敌人致命外伤时，{9}秒间形成可抵御{10}(+技能增幅的{15})伤害的护盾。在持有护盾的情况下，移向处于外伤或者致命外伤状态的敌人时，移动速度增加{12}后逐渐减少。,无消耗 / 冷却16秒 凯希对敌人造成技能伤害时，将赋予敌人持续一段时间造成伤害的外伤。 当外伤累积至3叠层时，可在长时间形成致命外伤状态，给敌人造成更大伤害。处于致命外伤状态的敌人所受的治愈效果减少。 赋予敌人致命外伤时，一段时间内形成可抵御伤害的护盾。在持有护盾的情况下，移向处于外伤或者致命外伤状态的敌人时，会增加移动速度后逐渐减少。,dak.gg api zh-CN + er-gamedata coefficient text
023-cathy-q-1023200,23,Cathy,凯希,Cathy,Q,1023200,CathyActive1,CathyActive1Passive,动脉切开术,5,true,false,0,,no_structured_extension_in_er-gamedata,被动: 使用技能后，凯希的下一个普攻造成技能增幅的{2}的额外技能伤害。 凯希快速冲向指定方向，所有被冲撞的敌人承受{0}(+技能增幅的{5})技能伤害。 当凯希使敌人陷入致命外伤状态时，减少动脉切开术的冷却{4}。,无消耗 / 冷却15秒 被动: 使用技能后，凯希的下一个普攻将造成技能伤害。 凯希快速冲向指定方向，所有被冲撞的敌人承受技能伤害。 当凯希使敌人陷入致命外伤状态时，减少动脉切开术的冷却。,dak.gg api zh-CN + er-gamedata coefficient text
023-cathy-q-1023210,23,Cathy,凯希,Cathy,Q,1023210,CathyActive1NormalAttack,None,동맥절제술 - 일반공격강화,1,false,false,0,,no_structured_extension_in_er-gamedata,,,er-gamedata zh-CN fallback
023-cathy-w-1023300,23,Cathy,凯希,Cathy,W,1023300,CathyActive2,None,截断,5,true,false,0,,no_structured_extension_in_er-gamedata,凯希向前方挥动刀锯，内围命中时，对敌人造成{0}(+技能增幅的{8})技能伤害，且不会赋予外伤叠层。被外围命中的敌人承受{5}(+技能增幅的{9})技能伤害，{4}秒内移动速度减少{3}。,无消耗 / 冷却12秒 凯希向前方挥动刀锯。内围命中时，对敌人造成技能伤害，且不会赋予外伤叠层。被外围命中的敌人承受更大的技能伤害，移动速度减缓。,dak.gg api zh-CN + er-gamedata coefficient text
023-cathy-e-1023400,23,Cathy,凯希,Cathy,E,1023400,CathyActive3,None,缝合,5,true,false,0,,no_structured_extension_in_er-gamedata,凯希抛出已穿线的针头，给敌人造成{0}(+技能增幅的{6})的技能伤害，并束缚其{2}秒。当针头刺穿敌人，最多可以额外再击中另一名敌人。 如果击中两个敌人，先穿透的敌人将被拉向后穿透的敌人，相互碰撞后晕厥{3}秒，承受{4}(+技能增幅的{7})的额外技能伤害。如果针头穿透敌人后击中墙壁，先被穿透的敌人将被击退回墙壁，晕厥{3}秒，承受{4}(+技能增幅的{7})的额外技能伤害。 缝合的冲撞伤害不会赋予外伤叠层。,无消耗 / 冷却15秒 凯希抛出已穿线的针头，给敌人造成技能伤害，并短暂束缚敌人。当针头刺穿敌人，最多可以额外再击中另一名敌人。 如果击中两个敌人，先穿透的敌人将被拉向后穿透的敌人，相互碰撞后晕厥并承受额外技能伤害。如果针头穿透敌人后击中墙壁，先被穿透的敌人将被击退回墙壁后晕厥并承受额外技能伤害。 缝合的冲撞伤害不会赋予外伤叠层。,dak.gg api zh-CN + er-gamedata coefficient text
023-cathy-r-1023500,23,Cathy,凯希,Cathy,R,1023500,CathyActive4,CathyActive4Passive,急诊手术,3,true,false,0,,no_structured_extension_in_er-gamedata,被动 :凯希救回濒死状态的队友时，会形成一个医疗领域，领域内的队友体力每{10}秒可恢复体力上限的{0}(+技能增幅的{14})。 凯希朝指定的方向挥舞刀锯并快速移动，给范围内的敌人造成与已失体力成比的{1}(+技能增幅的{12}) ~ {3}(+技能增幅的{13})的技能伤害，并立即赋予其致命外伤。 凯希经过的地方将生成恢复体力上限的医疗领域，每秒恢复{0}(+技能增幅的{14})，持续{11}秒。 移动时，处于无法阻止状态。,无消耗 / 冷却80秒 被动 : 凯希救回濒死状态的队友时，会形成一个可恢复体力的医疗领域。 凯希朝指定的方向挥舞刀锯并快速移动，给范围内的敌人造成与已失体力成比的技能伤害。并立即赋予其致命外伤(已处于致命外伤状态的敌人，持续时间将重置)。 凯希经过的地方将生成恢复队友体力上限的医疗领域。 移动时，处于无法阻止状态。,dak.gg api zh-CN + er-gamedata coefficient text
024-adela-p-1024100,24,Adela,阿德拉,Adela,P,1024100,None,AdelaPassive,后翼守兵,3,true,false,0,,no_structured_extension_in_er-gamedata,阿德拉的基础射程增加{0}，每增加{1}攻击速度，转化为{2}技能增幅。,无消耗 阿德拉增加普攻射程，攻速固定，增加的攻速转化为技能增幅。,dak.gg api zh-CN + er-gamedata coefficient text
024-adela-q-1024200,24,Adela,阿德拉,Adela,Q,1024200,AdelaActive1,None,升变,5,true,false,0,,no_structured_extension_in_er-gamedata,阿德拉出一枚兵到指定的位置，造成{0}(+技能增幅的{9})的技能伤害。每次出兵，都可以累积叠层，累积到{2}个叠层时，移动速度增加{8}。使用下一个技能可以出皇后 ，造成{3}(+技能增幅的{10})的伤害，并使其晕厥{5}秒。 如果在{6}秒内未使用升变技能，叠层将被重置。 兵和皇后可维持{7}秒。,无消耗 / 冷却2.4秒 阿德拉出一枚兵到指定的位置，造成技能伤害。每次出兵，都可以累积叠层，叠层叠加满时增加移动速度，使用下一个技能可以出皇后，造成更大的技能伤害，并使其晕厥片刻。 如果在一定时间内未使用升变技能，叠层将被重置。 冷却固定: 此技能不受冷却缩减影响。,dak.gg api zh-CN + er-gamedata coefficient text
024-adela-w-1024300,24,Adela,阿德拉,Adela,W,1024300,AdelaActive2,None,单马捉双,5,true,false,0,,no_structured_extension_in_er-gamedata,阿德拉出一枚马到指定的位置，造成{0}(+技能增幅的{6})的技能伤害，到达目标地点后再次跳跃，对目标点造成{0}(+技能增幅的{6})的技能伤害。 第一次落地时，如果附近有兵，皇后或车，它们会朝马落地点相反的方向被推开，带来不同的效果。 兵和皇后:移动中遇到敌人时会停下来，造成升变伤害量{5}的伤害，并使其悬空{2}秒。 车 : 移动时给路径上的敌人造成王翼易位伤害量{5}的伤害并使其悬空{3}秒。 马可持续{4}秒，再次出马，前一个马棋子会立即消失。,无消耗 / 冷却3秒(蓄能17秒) 阿德拉出一枚马到指定的位置，造成技能伤害，到达目标地点后再次跳跃，对目标点造成技能伤害。 第一次落地时，如果附近有兵，皇后或车，它们会朝马落地点相反的方向被推开，带来不同的效果。 兵和皇后:移动中遇到敌人时会停下来，造成与升变成一定比例的伤害，并使其悬空片刻。 车 : 移动时给路径上的敌人造成与王翼易位成一定比例的伤害并使其悬空片刻。 再次出马，前一个马棋子会立即消失。,dak.gg api zh-CN + er-gamedata coefficient text
024-adela-e-1024400,24,Adela,阿德拉,Adela,E,1024400,AdelaActive3_1,None,王翼易位,5,true,false,0,,no_structured_extension_in_er-gamedata,阿德拉出一枚车朝指定的位置执行突进，车会迅速从阿德拉的位置冲向目标地点，给路径上的敌人造成{0}(+技能增幅的{7})的技能伤害，如果路径上有兵，皇后或马，伤害效果会立即启动。 兵和皇后: 造成升变伤害量{6}的伤害。 马 : 造成单马捉双伤害量{6}的伤害，并使移动速度降低{3}，持续{2}秒。 在{4}秒内再次使用该技能，阿德拉和车的位置会改变。 车可以维持{5}秒，再次出车，前一个车棋子会立即消失。,无消耗 / 冷却12秒 阿德拉出一枚车朝指定的位置执行突进，车会迅速从阿德拉的位置冲向目标地点，给路径上的敌人造成技能伤害，如果路径上有兵，皇后或马，伤害效果会立即启动。 兵和皇后: 造成与升变成一定比例的伤害。 马 : 造成与马捉双同等的伤害，并使移动速度降低一段时间。 再次使用该技能，阿德拉和车的位置会改变。 再次出车，前一个车棋子会立即消失。,dak.gg api zh-CN + er-gamedata coefficient text
024-adela-e-1024410,24,Adela,阿德拉,Adela,E,1024410,AdelaActive3_2,None,王翼易位,5,false,false,0,,no_structured_extension_in_er-gamedata,,,er-gamedata zh-CN fallback
024-adela-r-1024500,24,Adela,阿德拉,Adela,R,1024500,AdelaActive4,None,将军,3,true,false,0,,no_structured_extension_in_er-gamedata,阿德拉{2}秒间悬浮于空中阻挡一切伤害，落地给范围内的敌人造成{0}(+技能增幅的{5})的技能伤害。 施法技能时出的每个棋子都会造成相当于敌人体力上限{3}的真实伤害。 落地时，所有棋子触发{4}伤害效果后消失。.,无消耗 / 冷却80秒 阿德拉悬浮于空中暂时可以阻挡一切伤害，落地给范围内的敌人造成技能伤害。 施法技能时出的每个棋子都会造成相当于敌人体力上限一定比例的真实伤害。 落地时，所有棋子都会触发伤害后消失。,dak.gg api zh-CN + er-gamedata coefficient text
025-bernice-p-1025100,25,Bernice,伯尼斯,Bernice,P,1025100,None,BernicePassive,散弹,3,true,false,0,,no_structured_extension_in_er-gamedata,伯尼斯每{7}秒填装{8}发子弹，普攻发射{0}发子弹。第一颗子弹命中目标时，造成攻击力{2} * (普攻增幅)普攻伤害，之后每颗子弹分别造成攻击力{3} * (普攻增幅)的普攻伤害。暴击时不适用一般的暴击效果，而是额外发射相当于普攻伤害{5}的子弹。 根据技能等级，换弹重载时间加快。 当前换弹重载时间 : {4}秒,无消耗 伯尼斯进行普攻时，可以发射多发子弹。子弹造成的基本攻击伤害与命中的敌人数量成正比。伯尼斯暴击攻击时，不会产生一般暴击效果，此时将额外发射子弹并根据命中的子弹数造成普攻额外伤害。 根据散弹级别，加快伯尼斯装弹时间。,dak.gg api zh-CN + er-gamedata coefficient text
025-bernice-q-1025200,25,Bernice,伯尼斯,Bernice,Q,1025200,BerniceActive1,None,致瘸射击,5,true,false,0,,no_structured_extension_in_er-gamedata,伯尼斯发射出穿透性子弹，造成{0}(+攻击力的{1})的技能伤害，并使其移动速度{2}秒间减少{3}。束缚中的敌人承受{4}(+攻击力的{5})的技能伤害，{6}秒间移动速度降低{7}。,无消耗 / 冷却7秒 伯尼斯发射出穿透性子弹，给敌人造成技能伤害，被击中的敌人移动速度减少。 束缚中的敌人承受额外技能伤害，移动速度减少更多。,dak.gg api zh-CN + er-gamedata coefficient text
025-bernice-w-1025300,25,Bernice,伯尼斯,Bernice,W,1025300,BerniceActive2,None,捕兽夹,5,true,false,0,,no_structured_extension_in_er-gamedata,伯尼斯安装一个持续{4}秒的捕兽夹，踩中的敌人{0}秒间承受{1}(+攻击力的{2})的持续伤害，并在{3}秒内陷入束缚。 捕兽夹最多持有数为{5}个，一次可以设置{6}个。,无消耗 / 冷却1秒(蓄能18秒) 伯尼斯安装一个持续一段时间的捕兽夹，踩中的敌人一段时间内承受伤害，并在一定时间内陷入束缚。 可以持有多个捕兽夹，根据捕兽夹的等级，最大可设置数会变化。,dak.gg api zh-CN + er-gamedata coefficient text
025-bernice-e-1025400,25,Bernice,伯尼斯,Bernice,E,1025400,BerniceActive3,BerniceActive3Passive,鹰眼,5,true,false,0,,no_structured_extension_in_er-gamedata,被动:伯尼斯通过给被困在捕兽夹中的敌人附上持续{3}秒的狩猎标识，获得目标的视野并在向其移动时，移动速度增加{6}。 使用普通攻击命中狩猎标识的敌人，致瘸射击的冷却减少{4}秒，奥尔加米·星锤的冷却减少{5}秒。 使用效果 : 伯尼斯的猎鹰在上空盘旋，{0}秒间增加伯尼斯的视野{1}，每{2}秒对附近的敌人赋予一个持续{3}秒的狩猎标识。,无消耗 / 冷却10秒 被动 : 踩中伯尼斯捕兽夹的敌人会被赋予狩猎标识。 伯尼斯获得目标的视野并在向其移动时，移动速度会增加。 使用普通攻击命中狩猎标识的敌人，致瘸射击和的奥尔加米·星锤的冷却会减少。 使用效果 : 伯尼斯的猎鹰在上空盘旋，一段时间内增加伯尼斯的视野，赋予周围敌人狩猎标识。,dak.gg api zh-CN + er-gamedata coefficient text
025-bernice-r-1025500,25,Bernice,伯尼斯,Bernice,R,1025500,BerniceActive4,None,奥尔加米・星锤,3,true,false,0,,no_structured_extension_in_er-gamedata,伯尼斯朝指定的方向发射奥尔加米·星锤，对命中的敌人造成{1}(+攻击力的{2})的技能伤害，并束缚其{3}秒。 奥尔加米·星锤于束缚时间结束后爆发，给束缚的敌人造成{4}(+攻击力的{5})的技能伤害，并将相同的效果转移至{6}范围内最近的敌人。 奥尔加米·星锤最多可以转移{0}次。,无消耗 / 冷却90秒 伯尼斯朝指定的方向发射奥尔加米·星锤。 束缚命中的敌人并造成伤害。 奥尔加米·星锤于束缚时间结束后爆发，给束缚的敌人造成技能伤害，并将相同的效果转移至范围内最近的敌人。,dak.gg api zh-CN + er-gamedata coefficient text
026-barbara-p-1026100,26,Barbara,芭芭拉,Barbara,P,1026100,None,BarbaraPassive,改造,3,true,false,0,,no_structured_extension_in_er-gamedata,被动 : 天才工程师芭芭拉可以以更快的速度制作装备。减少{0}制作装备所需时间。 每{1}秒，芭芭拉的普攻攻击速度增加{4}，下一次普攻命中目标时造成{3}(+技能增幅{2})额外的技能伤害。,无消耗 / 冷却9秒 被动 : 天才工程师芭芭拉可以以更快的速度制作装备。 芭芭拉每隔一段时间进行普攻时，将强化普攻，命中时可以造成额外技能伤害。使用强化普攻时，攻击速度将变快。,dak.gg api zh-CN + er-gamedata coefficient text
026-barbara-p-1026110,26,Barbara,芭芭拉,Barbara,P,1026110,None,BarbaraTurretPassive,바바라터렛 T - 패시브,1,false,false,0,,no_structured_extension_in_er-gamedata,,,er-gamedata zh-CN fallback
026-barbara-q-1026200,26,Barbara,芭芭拉,Barbara,Q,1026200,BarbaraActive1_Turret,None,BT-Mk II 远程无人机,5,true,false,0,,no_structured_extension_in_er-gamedata,芭芭拉在指定的位置安装体力为{0}(芭芭拉等级 * {7})的远程无人机，最多可以安装{2}个。 远程无人机可以维持{3}秒。芭芭拉离开{8}m范围或死亡时，远程无人机将在{9}秒后解除部署，芭芭拉回到范围内时重置等待时间。 芭芭拉的离子激光炮、闪光弹命中敌人，或每当远程无人机进行第{4}次普攻时都会发射轨道炮。轨道炮最多可蓄能{5}次。 每次远程无人机对敌人造成伤害时，可以缩减{6}离子激光炮的冷却时间。 远程无人机普攻和轨道炮都被视为技能判定，但轨道炮会适用独立技能判定。 BT-Mk II 远程无人机属性 普攻 : {20}(+技能增幅{21}) 轨道炮: {2}(+技能增幅{23}) 防御力: {24},无消耗 / 冷却16秒 芭芭拉在指定的位置安装远程无人机，最多可以安装2个。远程无人机可以持续一段时间。当芭芭拉离开一定范围或死亡时，远程无人机将在一段等待时间后解除部署，芭芭拉回到范围内时重置等待时间。 芭芭拉的离子激光炮、闪光弹命中敌人，或每当远程无人机进行第四次普攻时都会发射轨道炮。轨道炮最多可蓄能三次。 每次远程无人机对敌人造成伤害时，可以缩减离子激光炮的冷却时间。,dak.gg api zh-CN + er-gamedata coefficient text
026-barbara-q-1026210,26,Barbara,芭芭拉,Barbara,Q,1026210,BarbaraActive1_ReinforceTurret,None,BT-Mk III 强化远程无人机,5,true,false,0,,no_structured_extension_in_er-gamedata,芭芭拉在指定的位置安装体力为{0}(+芭芭拉等级 * {6})的强化远程无人机。强化远程无人机可以维持{2}秒，设置时不受最大安装数量限制。芭芭拉离开{7}m范围或死亡时，远程无人机将在{8}秒后解除部署，芭芭拉回到范围内时重置等待时间。 强化远程无人机可以为已设置的远程无人机提供{3}秒的强化效果，攻击速度增加{4}，并在每进行{5}次普攻时发射轨道炮。,芭芭拉在指定的位置安装体力为{0}的强化远程无人机。强化远程无人机可以维持{1}秒，设置时不受最大安装数量限制。芭芭拉离开{5}m范围或死亡时，远程无人机将在{6}秒后解除部署，芭芭拉回到范围内时重置等待时间。 强化远程无人机可以为已设置的远程无人机提供{2}秒的强化效果，攻击速度增加{3}，并在每进行{4}次普攻时发射轨道炮。,er-gamedata zh-CN fallback
026-barbara-w-1026300,26,Barbara,芭芭拉,Barbara,W,1026300,BarbaraActive2_IonLaser,None,离子激光炮,5,true,false,0,,no_structured_extension_in_er-gamedata,芭芭拉使用高功率炮筒发射离子激光炮，对路径上的敌人造成{0}(+技能增幅{1})技能伤害。命中时，{2}秒间移动速度增加{3}。增加的移动速度在{4}秒后复原。,无消耗 / 冷却8秒 芭芭拉使用高功率炮筒发射离子激光炮，对路径上的敌人造成技能伤害。命中时，短时间内的移动速度增加。,dak.gg api zh-CN + er-gamedata coefficient text
026-barbara-w-1026310,26,Barbara,芭芭拉,Barbara,W,1026310,BarbaraActive2_ReinforceIonLaser,None,高功率离子激光炮,5,true,false,0,,no_structured_extension_in_er-gamedata,芭芭拉使用高功率炮筒以最大功率发射轨道炮，对路径上的敌人造成{0}(+技能增幅{1})(+目标体力上限的{8})技能伤害，同时可以破坏监视器和陷阱。命中的敌人将在{2}秒内承受{3}(+技能增幅{4})技能伤害。命中时，{5}秒间移动速度增加{6}。增加的移动速度在{7}秒后复原。,芭芭拉使用高功率炮筒以最大功率发射轨道炮，对路径上的敌人造成{0}(+目标体力上限的{6})技能伤害，同时可以破坏监视器和陷阱。命中的敌人将在{1}秒内承受{2}技能伤害。命中时，{3}秒间移动速度增加{4}。增加的移动速度在{5}秒后复原。,er-gamedata zh-CN fallback
026-barbara-e-1026400,26,Barbara,芭芭拉,Barbara,E,1026400,BarbaraActive3_MagneticForce,None,闪光弹,5,true,false,0,,no_structured_extension_in_er-gamedata,芭芭拉投掷闪光弹对敌人造成{0}(+技能增幅{1})技能伤害。被中心区域命中的敌人将陷入{2}秒的晕厥。,无消耗 / 冷却14秒 芭芭拉投掷闪光弹对敌人造成技能伤害。中心区域命中敌人时，敌人将在短时间内陷入晕厥。,dak.gg api zh-CN + er-gamedata coefficient text
026-barbara-e-1026410,26,Barbara,芭芭拉,Barbara,E,1026410,BarbaraActive3_ReinforceMagneticForce,None,高能闪光弹,5,true,false,0,,no_structured_extension_in_er-gamedata,芭芭拉投掷高能闪光弹对敌人造成{0}(+技能增幅{1})的技能伤害。被中心区域命中的敌人将陷入{2}秒的晕厥。闪光弹爆炸后生成光磁暴区域，每{3}秒对范围内的敌人造成{4}(+技能增幅{5})的技能伤害，使敌人的移动速度降低{6}。,芭芭拉投掷高能闪光弹对敌人造成{0}技能伤害。被中心区域命中的敌人将陷入{1}秒的晕厥。闪光弹爆炸后生成光磁暴区域，每{2}秒对范围内的敌人造成{3}技能伤害，使敌人的移动速度降低{4}。,er-gamedata zh-CN fallback
026-barbara-e-1026420,26,Barbara,芭芭拉,Barbara,E,1026420,BarbaraActive3_ProjectileExplosion,None,바바라 E - 수류탄 ( 스킬 ),1,false,false,0,,no_structured_extension_in_er-gamedata,,,er-gamedata zh-CN fallback
026-barbara-e-1026430,26,Barbara,芭芭拉,Barbara,E,1026430,BarbaraActive3_ReinforceProjectileExplosion,None,바바라 RE - 수류탄 ( 스킬 ),1,false,false,0,,no_structured_extension_in_er-gamedata,,,er-gamedata zh-CN fallback
026-barbara-r-1026500,26,Barbara,芭芭拉,Barbara,R,1026500,BarbaraActive4_Overclock,None,超时实验,3,true,false,0,,no_structured_extension_in_er-gamedata,芭芭拉基本技能得到了强化。再次使用技能时将取消强化状态，{0}秒后可以再次施法。 BT-Mk III 强化远程无人机 : 芭芭拉在指定的位置安装体力为{1}(+芭芭拉等级 * {19})的强化远程无人机。强化远程无人机可以维持{3}秒，设置时不受最大安装数量限制。 强化远程无人机可以为已设置的远程无人机提供{4}秒的强化效果，攻击速度增加{5}，并在每进行{6}次普攻时发射轨道炮。 BT-Mk III 远程无人机属性 普攻 : {24}(+技能增幅{25}) 轨道炮: {26}(+技能增幅{27}) 防御力: {28} 高功率离子激光炮 : 芭芭拉使用高功率炮筒以最大功率发射离子激光炮，对路径上的敌人造成{7}(+技能增幅{8})(+目标体力上限的{23})技能伤害，同时可以破坏监视器和陷阱。命中的敌人将在{9}秒内承受{10}(+技能增幅{11})技能伤害。命中时，{20}秒间移动速度增加{21}。增加的移动速度在{22}秒后复原。 高能闪光弹 : 芭芭拉投掷高能闪光弹对敌人造成{12}(+技能增幅{13})技能伤害。被中心区域命中的敌人将陷入{14}秒的晕厥。闪光弹爆炸后生成光磁暴区域，每{15}秒对范围内的敌人造成{16}(+技能增幅{17})的技能伤害，使敌人的移动速度降低{18}。,无消耗 / 冷却65秒 芭芭拉基本技能得到了强化。再次使用技能时将取消强化状态，3秒后可以再次施法。 BT-Mk III 强化远程无人机 : 芭芭拉在指定位置安装远程无人机。强化远程无人机可以维持一段时间，且设置时不受最大安装数量限制。强化远程无人机可以为已设置的远程无人机提供强化效果，增加其攻击速度，并在每进行三次普攻时，发射轨道炮。 高功率离子激光炮 : 芭芭拉使用高功率炮筒以最大功率发射离子激光炮，对路径上的敌人造成技能伤害，同时可以破坏监视器和陷阱。命中的敌人将在一段时间内承受技能伤害。 高能闪光弹 : 芭芭拉投掷高能闪光弹对敌人造成技能伤害。被中心区域命中的敌人将陷入短时间的晕厥。闪光弹爆炸后将生成光磁暴区域，对范围内的敌人造成持续的技能伤害，降低敌人的移动速度。,dak.gg api zh-CN + er-gamedata coefficient text
026-barbara-r-1026510,26,Barbara,芭芭拉,Barbara,R,1026510,BarbaraActive4_Restore,None,超时实验 - 取消,3,false,false,0,,no_structured_extension_in_er-gamedata,,,er-gamedata zh-CN fallback
027-alex-p-1027100,27,Alex,亚历克斯,Alex,P,1027100,None,AlexPassive,潜行,3,true,false,0,,no_structured_extension_in_er-gamedata,额外武器补给 : 亚历克斯在达到{7}、{8}、{9}级时，每次都可以获得一个武器补给箱。 亚历克斯击杀实验体或助攻，即可进入潜行状态{0}秒。探测范围外的敌人看不到潜行状态的亚历克斯。 处于潜行状态时，如果周围{1}m内有敌人，亚历克斯的移动速度就会在{2}秒内增加{3}。 亚历克斯装备的所有武器熟练度同步升级。 装备旋棍，双手剑等近战装备时防御力增加{5}。,"无消耗 额外武器补给 : 每当亚历克斯在达到一定等级时，都可以获得一个武器补给箱。 亚历克斯击杀实验体或助攻，就会进入潜行状态一段时间。探测范围外的敌人看不到潜行状态的亚历克斯。 处于潜行状态时，一定范围内如果有敌人，则增加移动速度。 亚历克斯装备的所有武器熟练度同等升级。 装备旋棍,双手剑等近战装备时增加防御力。",dak.gg api zh-CN + er-gamedata coefficient text
027-alex-q-1027200,27,Alex,亚历克斯,Alex,Q,1027200,AlexActive1RailGun,None,伏特枪,5,true,false,0,,no_structured_extension_in_er-gamedata,亚历克斯发射伏特枪，对命中的敌人造成 {0}(+攻击力的{1})技能伤害。 技能命中时{2}秒内增加攻击力{3}，叠层上限{4}次。和突袭效果同时达到叠层上限时，攻击速度增加{5}。,无消耗 / 冷却7秒 亚历克斯发射伏特枪攻击，对被击中的敌人造成技能伤害。 技能命中时一定时间内增加攻击力。和突袭效果同时达到叠层上限，攻击速度增加。,dak.gg api zh-CN + er-gamedata coefficient text
027-alex-w-1027300,27,Alex,亚历克斯,Alex,W,1027300,AlexActive2TargetMarker,None,间谍探测仪,5,true,false,0,,no_structured_extension_in_er-gamedata,亚历克斯在指定地点发射间谍探测仪，给范围内的敌人造成 {0}(+攻击力的{1})技能伤害，并在{2}秒内获得目标的视野。 技能命中时，亚历克斯的普攻射程{3}秒内增加{4}。,无消耗 / 冷却13秒 亚历克斯在指定点发射间谍探测仪，对范围内的敌人造成技能伤害并在一定时间内获得目标的视野。 技能命中时，亚历克斯的普攻射程会增加片刻。,dak.gg api zh-CN + er-gamedata coefficient text
027-alex-e-1027400,27,Alex,亚历克斯,Alex,E,1027400,AlexActive3PulseSting,AlexActive3PulseStingPassive,电脉回力镖,5,true,false,0,,no_structured_extension_in_er-gamedata,被动 : 亚历克斯的攻击速度增加{4}。 亚历克斯朝指定方向发射电脉回力镖造成 {0}(+攻击力的{1})技能伤害并向相反的方向快速退后随即进入潜行状态。命中的敌人{2}秒内移动速度减少{3}后缓慢恢复。 使用技能后可以在{6}秒内完成一次武器更换。此状态在潜行解除或交换武器的瞬间消失。,无消耗 / 冷却13秒 被动 : 亚历克斯的攻击速度增加。 亚历克斯朝指定方向发射电脉回力镖造成技能伤害并向反方向快速移动后立即进入潜行状态。命中的敌人移动速度减少后缓慢恢复。同时，使用技能后在保持潜行的状态下可以交换武器。此效果在潜行解除或交换武器的瞬间消失。,dak.gg api zh-CN + er-gamedata coefficient text
027-alex-r-1027500,27,Alex,亚历克斯,Alex,R,1027500,AlexActive4,None,精准轰炸,3,true,false,0,,no_structured_extension_in_er-gamedata,亚历克斯在指定的地点投放卫星导弹，范围内的敌人承受 {0}(+攻击力的{1})技能伤害，{10}秒间移动速度减少{11}。处于中心地点的敌人承受 {2}(+攻击力的{3})技能伤害。 之后周期性向敌人释放电脉回力，范围内的敌人每{4}秒承受{5}回 {6}(+攻击力的{7})技能伤害，{12}秒间移动速度减少{13}。处于中心位置的敌人承受{8}(+攻击力的{9})技能伤害。,无消耗 / 冷却90秒 亚历克斯在指定的地点投放卫星导弹，范围内的敌人承受技能伤害，处于中心地点的敌人承受更大伤害。 此后，周期性地释放电脉回力，给范围内的敌人造成持续伤害并降低敌人的移动速度，处于中心位置的敌人承受更多技能伤害，同时移动速度有所降低。,dak.gg api zh-CN + er-gamedata coefficient text
028-sua-p-1028100,28,Sua,秀雅,Sua,P,1028100,None,SuaPassive,精神食粮,3,true,false,0,,no_structured_extension_in_er-gamedata,秀雅使用技能后，会获得精神食粮，下一个普攻对敌人造成{1}(+技能增幅{2})的技能伤害，对周围{0}m内的敌人造成{8}(+技能增幅{9})的技能伤害。 恢复精神食粮伤害量{4}的体力。 即使只有一个精神食粮叠层也可以增加{7}攻击速度(叠层上限 : {6})。 通过精神食粮给敌人造成伤害时，秀雅所有技能的冷却时间缩减{5}秒。 冷却缩减效果与承受伤害的目标数无关，只能作用一次。 此普攻也被视为技能攻击。,无消耗 秀雅使用技能后，获得精神食粮，加强下一个普通攻击，并根据伤害量恢复一定体力。 精神食粮可重叠，即使只有一个叠层也可以增加攻击速度。 通过精神食粮给敌人造成伤害时，秀雅所有技能的冷却时间将缩减。 此普攻也被视为技能攻击。,dak.gg api zh-CN + er-gamedata coefficient text
028-sua-p-1028110,28,Sua,秀雅,Sua,P,1028110,SuaPassiveNormalAttack,None,수아 기본공격(강화),1,false,false,0,,no_structured_extension_in_er-gamedata,,,er-gamedata zh-CN fallback
028-sua-q-1028200,28,Sua,秀雅,Sua,Q,1028200,SuaActive1,None,奥德赛,5,true,false,0,,no_structured_extension_in_er-gamedata,秀雅在指定的位置召唤两本书籍，互相碰撞在中心位置，给范围内的敌人造成{0}(+技能增幅{1})的技能伤害，留下书签标识{3}秒。对已有书签的目标留下新书签时，将对目标造成{4}(+技能增幅{5})的技能伤害并晕厥{2}秒。 书籍冲撞地点的敌人承受的伤害增加{8}，{9}秒间移动速度减少{10}。,无消耗 / 冷却12秒 秀雅在指定的位置召唤两本书籍，稍后两本书籍将碰撞在中心位置，给范围内的敌人造成技能伤害，留下书签标识。 对已有书签的目标留下新书签时，将对目标造成技能伤害并使目标陷入晕厥。 处于碰撞中心地点的敌人承受更大的伤害，移动速度减少。,dak.gg api zh-CN + er-gamedata coefficient text
028-sua-w-1028300,28,Sua,秀雅,Sua,W,1028300,SuaActive2,None,青鸟,5,true,false,0,,no_structured_extension_in_er-gamedata,队友和自身 : 在{0}秒间吸收{1}(+技能增幅{6})的技能伤害并赋予免疫负面效果的护盾。 敌人 : 对敌人造成{3}(+技能增幅{4})的技能伤害并使其失明{5}秒。,无消耗 / 冷却19秒 队友和自身 : 吸收技能伤害并赋予免疫负面效果的护盾。 敌人 : 青鸟会对敌人造成技能伤害并使敌人暂时失明。,dak.gg api zh-CN + er-gamedata coefficient text
028-sua-e-1028400,28,Sua,秀雅,Sua,E,1028400,SuaActive3,None,堂吉诃德,5,true,false,0,,no_structured_extension_in_er-gamedata,秀雅将武器变成枪并向前方突进，对首个命中的敌人造成{0}(+技能增幅{2})的技能伤害，{13}秒间移动速度减少{14}。 对有书签标识状态的敌人造成{3}(+技能增幅{5})的技能伤害，将目标撞至悬空。 堂吉诃德命中时，秀雅根据已失体力恢复{6}(+技能增幅{8}) ~ {9}(+技能增幅{11})的体力。 命中目标敌人时，堂吉诃德冷却缩减{12}。 秀雅在更换武器的期间不受任何负面效果的影响。,无消耗 / 冷却16秒 秀雅将武器变成枪向前方突进，对首个命中的敌人造成技能伤害，减少目标的移动速度。 对有书签标识的敌人造成更大的技能伤害并使目标悬空。 堂吉诃德命中时，根据已失体力恢复一定量的体力。 秀雅在变更武器的期间不受任何负面效果的影响。,dak.gg api zh-CN + er-gamedata coefficient text
028-sua-r-1028500,28,Sua,秀雅,Sua,R,1028500,SuaActive4_1,None,记忆力,3,true,false,0,,no_structured_extension_in_er-gamedata,秀雅拥有过目不忘的本领，可以马上掌握最后使用过的技能，并重新使用。 奥德赛: 当书本向中心碰撞时，将会对范围内的敌人造成{0}(+技能增幅{2})的技能伤害，并留下书签标识{3}秒。 对已有书签的目标留下新书签时，将对目标造成{4}(+技能增幅{6})的技能伤害，晕厥{3}秒。 处于书本冲撞中心的敌人承受伤害增加{27}，{28}秒间移动速度减少{29}。 青鸟: 队友和自身 : 吸收{8}(+技能增幅{10})技能伤害并形成免疫负面效果的护盾。 敌人 : 对敌人造成{11}(+技能增幅{13})的伤害并使其失明{14}秒。 堂吉诃德 : 对首个命中的敌人造成{15}(+技能增幅{17})的技能伤害，{1}秒间移动速度减少{5}。 对有书签标识的敌人造成{18}(+技能增幅{20})的技能伤害并使目标悬空。堂吉诃德命中时，秀雅根据已失体力恢复{21}(+技能增幅{23}) ~ {24}(+技能增幅{26})的体力。 秀雅在变更武器的期间不受任何负面效果的影响。,无消耗 / 冷却26秒 秀雅拥有过目不忘的本领，可以马上掌握最后使用过的技能，并重新使用。 奥德赛 : 当书本向中心碰撞时，将会对范围内的敌人造成技能伤害，并留下书签标识。 对已有书签的目标留下新书签时，将对目标造成技能伤害并使目标陷入晕厥。 处于碰撞中心地点的敌人移动速度减少。 青鸟 : 为队友或自身形成护盾，能够吸收技能伤害并具有免疫负面效果。 敌人 : 对敌人造成技能伤害并使其失明。 堂吉诃德 : 对首个命中的敌人造成技能伤害，使敌人移动速度减少。 对有书签标识的敌人造成技能伤害，将目标撞至悬空。堂吉诃德命中时，秀雅根据已失体力恢复一定量的体力。 秀雅在变更武器的期间不受任何负面效果的影响。,dak.gg api zh-CN + er-gamedata coefficient text
028-sua-r-1028510,28,Sua,秀雅,Sua,R,1028510,SuaActive4_2,None,记忆力-奥德赛,3,true,false,0,,no_structured_extension_in_er-gamedata,秀雅在指定的位置召唤两本书籍，互相碰撞在中心位置，给范围内的敌人造成{0}(+技能增幅的{1})技能伤害，留下书签标识{3}秒。对已有书签的目标留下新书签时，将对目标造成{4}(+技能增幅{5})的技能伤害并晕厥{2}秒。 书籍冲撞地点的敌人承受的伤害增加{8}，{9}秒间移动速度减少{10}。,秀雅在指定的位置召唤两本书籍，互相碰撞在中心位置，给范围内的敌人造成{0}技能伤害，留下书签标识{1}秒。 对已有书签的目标留下新书签时，将对目标造成{3}的技能伤害并晕厥{2}秒。 书籍冲撞中心地点的敌人承受的伤害增加{4}，{5}秒间移动速度减少{6}。,er-gamedata zh-CN fallback
028-sua-r-1028520,28,Sua,秀雅,Sua,R,1028520,SuaActive4_3,None,记忆力-青鸟,3,true,false,0,,no_structured_extension_in_er-gamedata,队友和自身 : 在{0}秒间吸收{1}(+技能增幅{6})的技能伤害并赋予免疫负面效果的护盾。 敌人 : 对敌人造成{3}(+技能增幅的{4})技能伤害并导致敌人失明{5}秒。,队友和自身 : 在{0}秒间吸收{1}技能伤害并形成免疫负面效果的护盾。 敌人 : 对敌人造成{2}技能伤害并使其失明{3}秒。,er-gamedata zh-CN fallback
028-sua-r-1028530,28,Sua,秀雅,Sua,R,1028530,SuaActive4_4,None,记忆力-堂吉诃德,3,true,false,0,,no_structured_extension_in_er-gamedata,秀雅将武器变成枪并向前方突进，对第一个被击中的敌人造成{0}(+技能增幅{2})的技能伤害，{13}秒间移动速度减少{14}。 对有书签标识状态的敌人造成{3}(+技能增幅{5})技能伤害，将目标撞至悬空。 堂吉诃德命中时，秀雅根据已失体力恢复{6}(+技能增幅{8}) ~ {9}(+技能增幅{11})的体力。 命中目标敌人时，堂吉诃德冷却缩减{12}。 秀雅在变更武器的期间不受任何负面效果的影响。,秀雅将武器变成枪向前方突进，对首个命中的敌人造成{0}技能伤害，{5}秒间移动速度减少{6}。 对有书签标识状态的敌人造成{1}技能伤害，并使目标悬空。 堂吉诃德命中时，秀雅根据已失体力恢复{2} ~ {3}的体力。 命中目标敌人时，堂吉诃德冷却缩减{4}。 秀雅在变更武器的期间不受任何负面效果的影响。,er-gamedata zh-CN fallback
029-leon-p-1029100,29,Leon,里昂,Leon,P,1029100,None,LeonPassive,人体鱼雷,3,true,false,0,,no_structured_extension_in_er-gamedata,每隔{6}秒发起普攻时生成水滩。里昂在水滩上移动速度会增加{0}，攻击速度会增加{1}。 水上强化 : 位于水滩上的里昂普攻增加{2}(+技能增幅的{5})的额外技能伤害。,无消耗 / 冷却8秒 里昂每隔一段时间发起普攻时生成水滩。里昂在水滩上时的移动速度和攻击速度皆有增加。 水上强化 : 位于水滩上的里昂普攻增加额外技能伤害。,dak.gg api zh-CN + er-gamedata coefficient text
029-leon-q-1029200,29,Leon,里昂,Leon,Q,1029200,LeonActive1,None,水路,5,true,false,0,,no_structured_extension_in_er-gamedata,里昂向指定方向抛出一条水路，对命中的敌人造成{0}(+技能增幅的{2})技能伤害。 水路和水滩效果相同。,无消耗 / 冷却11秒 里昂向指定方向抛出一条水路，对命中的敌人造成技能伤害。 水路和水滩效果相同。,dak.gg api zh-CN + er-gamedata coefficient text
029-leon-w-1029300,29,Leon,里昂,Leon,W,1029300,LeonActive2,LeonActive2Passive,水武间,5,true,false,0,,no_structured_extension_in_er-gamedata,里昂赋予自身和周围队友护盾。护盾持续{2}秒间，赋予里昂吸收{0}(+技能增幅的{8})伤害的护盾，同时赋予队友吸收{10}(+技能增幅的{12})伤害的护盾。,无消耗 / 冷却14秒 里昂赋予自身及周围的队友护盾，吸收伤害。,dak.gg api zh-CN + er-gamedata coefficient text
029-leon-e-1029400,29,Leon,里昂,Leon,E,1029400,LeonActive3,None,潜移,5,true,false,0,,no_structured_extension_in_er-gamedata,里昂集中精神朝向指定位置原地潜水。潜水后从指定的水滩中跃出，造成{0}(+技能增幅的{5})技能伤害并使敌人悬空{2}秒。里昂在潜水时处于无法指定目标的状态，并在浮出水面后生成水滩。,无消耗 / 冷却1.5秒(蓄能16秒) 里昂集中精神朝向指定位置原地潜水。潜水后从指定的水滩中跃出，造成技能伤害并将敌人悬空。里昂在潜水时处于无法指定目标的状态，并在浮出水面后生成水滩。,dak.gg api zh-CN + er-gamedata coefficient text
029-leon-r-1029500,29,Leon,里昂,Leon,R,1029500,LeonActive4,None,冲浪,3,true,false,0,,no_structured_extension_in_er-gamedata,里昂召唤海浪，并乘风破浪前进，对路径上的敌人造成{0}(+技能增幅{5})技能伤害并被海浪推离至海浪消失。对被海浪冲撞至墙壁的敌人造成{7}(+技能增幅{9})的技能伤害，并使其悬空{6}秒。将在海浪消失时的位置上生成水滩。,无消耗 / 冷却80秒 里昂召唤海浪，并乘风破浪前进，对路径上的敌人造成技能伤害并被海浪推离至海浪消失。若敌人被海浪冲撞至墙壁，将对敌人造成技能伤害并使其悬空。,dak.gg api zh-CN + er-gamedata coefficient text
030-eleven-p-1030100,30,Eleven,Eleven,Eleven,P,1030100,None,ElevenPassive,美食主播,3,true,false,0,,no_structured_extension_in_er-gamedata,独有被动效果 : Eleven将面包和肉组合在一起制作成11号套餐。 根据基本技能命中的敌人数，最多将在地上掉落{2}个汉堡。Eleven踩中掉落在地上的汉堡时恢复体力上限{0}体力，汉堡被敌人踩中时会被摧毁。,无消耗 Eleven可以将面包和肉组合成11号套餐。 根据基本技能命中的敌人数，将在地上掉落汉堡。Eleven踩中掉落在地上的汉堡时将恢复体力，汉堡被敌人踩中时会被摧毁。,dak.gg api zh-CN + er-gamedata coefficient text
030-eleven-q-1030200,30,Eleven,Eleven,Eleven,Q,1030200,ElevenActive1,None,汉堡少女,5,true,false,0,,no_structured_extension_in_er-gamedata,蓄力 : Eleven准备使用汉堡叉向下发起攻击，此时Eleven的移动速度减少{0}。 使用 : Eleven使用汉堡叉向下发起攻击，造成{1}(+攻击力{2})(+目标体力上限{3})~{4}(+攻击力{5})(+目标体力上限{6})技能伤害，使敌人{7}秒间的移动速度减少{8}~{9}。,无消耗 / 冷却5.5秒 Eleven蓄力使用汉堡叉向下重锤，根据目标体力上限造成技能伤害，并使敌人移动速度减少。根据蓄力时间增加伤害量和移动速度减少量。,dak.gg api zh-CN + er-gamedata coefficient text
030-eleven-w-1030300,30,Eleven,Eleven,Eleven,W,1030300,ElevenActive2,None,开播啦！,5,true,false,0,,no_structured_extension_in_er-gamedata,蓄力 : Eleven准备挑衅敌人。承受的最终伤害减少{10}，移动速度降低{0}。 使用 : Eleven挑衅范围内的敌人{1}~{2}秒，并造成{3}(+攻击力{4})(+额外体力{5})~{6}(+攻击力{7})(+额外体力{8})技能伤害。此外，伤害量减少效果将额外增加{9}秒。,无消耗 / 冷却15秒 Eleven蓄力后举起汉堡，挑衅周围的敌人并造成伤害。蓄力期间承受最终伤害减少，该效果在释放技能后将持续一段时间。,dak.gg api zh-CN + er-gamedata coefficient text
030-eleven-e-1030400,30,Eleven,Eleven,Eleven,E,1030400,ElevenActive3,None,汉堡骑越,5,true,false,0,,no_structured_extension_in_er-gamedata,蓄力 : Eleven准备借助汉堡叉跳跃。根据蓄力时间增加跳跃距离。 使用 : Eleven借助汉堡叉跳跃造成{0}(+攻击力{1})(+额外体力{2})~{3}(+攻击力{4})(+额外体力{5})技能伤害并推开目标。跳跃期间处于免疫所有负面效果的状态。,无消耗 / 冷却16秒 Eleven蓄力后乘着汉堡叉，跳到指定位置给周围的敌人造成伤害并推开敌人。根据蓄力时间增加跳跃距离和伤害量。,dak.gg api zh-CN + er-gamedata coefficient text
030-eleven-r-1030500,30,Eleven,Eleven,Eleven,R,1030500,ElevenActive4,None,美食风暴,3,true,false,0,,no_structured_extension_in_er-gamedata,Eleven{0}秒间恢复体力上限{1}的体力，每{2}秒对周围敌人造成{3}(+攻击力{4})(+额外体力{5})的技能伤害。,无消耗 / 冷却80秒 Eleven在一定时间内可以持续恢复自身体力，对周围的敌人造成持续伤害。,dak.gg api zh-CN + er-gamedata coefficient text
031-rio-p-1031100,31,Rio,莉央,Rio,P,1031100,None,RioPassive,集中,3,true,false,0,,no_structured_extension_in_er-gamedata,莉央的普攻和技能根据暴击率降低敌人{3}(每{2}暴击率+{0})防御力后造成伤害。 莉央的普攻不能造成暴击但是会增加伤害{1}(+暴击率* ({4} + 暴击伤害增加量))。 普攻伤害量与暴击率成比例增加。,无消耗 莉央的普攻和技能根据暴击率降低敌人的防御力后造成伤害。 莉央的普攻不能造成暴击但是会增加伤害。 普攻伤害量与暴击率成比例增加。,dak.gg api zh-CN + er-gamedata coefficient text
031-rio-q-1031200,31,Rio,莉央,Rio,Q,1031200,RioActive1Short,None,替弓,5,true,false,0,,no_structured_extension_in_er-gamedata,被动: 使用普攻与技能造成伤害的同时可累积皆中叠层，达到{0}叠层时，下一个普攻可触发额外效果。 单弓 : {1}秒内，移动速度增加{2}，攻击速度增加{3}。 和弓 : 下一次普攻射程增加{6}，目标每失去{4}体力时，伤害增加{5}。 使用效果 : 莉央将武器变更为单弓与和弓。 单弓 : 普攻造成(攻击力{7} * (普攻增幅))普攻伤害，额外发射{10}支箭矢，每支造成(攻击力{8} * (普攻增幅))的额外普攻伤害。 单弓 : 普攻时，强力发射1支箭造成(攻击力{9} * (普攻增幅))伤害。,无消耗 / 冷却0.8秒 被动: 使用普攻与技能造成伤害的同时可累积皆中叠层，达到一定的叠层时，下一个普攻可触发额外效果。 单弓 : 在一段时间内增加移动速度和攻击速度。 和弓 : 提升下一次普攻射程，根据目标失去的体力增加伤害量。 使用效果 : 莉央将武器变更为单弓与和弓。 单弓 : 普攻将发射多支箭矢，每支造成额外的普攻伤害。 和弓 : 普攻时，强力发射1支箭造成伤害。 冷却固定: 此技能不受冷却缩减影响。,dak.gg api zh-CN + er-gamedata coefficient text
031-rio-q-1031210,31,Rio,莉央,Rio,Q,1031210,RioActive1Long,None,替弓,5,false,false,0,,no_structured_extension_in_er-gamedata,,,er-gamedata zh-CN fallback
031-rio-w-1031300,31,Rio,莉央,Rio,W,1031300,RioActive2Short,None,分离,5,true,false,0,,no_structured_extension_in_er-gamedata,分离命中时，莉央的冷却时间缩减{8}秒。 单弓 : 在扇形范围内朝指定方向连续发射箭矢，造成 {0}(+攻击力的{1})技能伤害并在敌人的位置形成持续{2}秒的风力，降低敌人的移动速度{3}。连续射中一个目标的箭会造成{9}伤害。 和弓 : 朝指定方向发射出一支强有力的箭矢造成{4}(+攻击力的{5})技能伤害，并对后面的敌人造成{6}(+攻击力的{7})的技能伤害。承受伤害的目标在{10}秒间移动速度减少{11}。,无消耗 / 冷却6秒 分离命中时，可以缩减莉央的冷却时间。 单弓 : 在扇形范围内朝指定方向连续发射箭矢，造成技能伤害并在敌人的位置形成可以减少移动速度的风力。 和弓 : 朝指定方向发射出一支强有力的箭矢，给敌人造成技能伤害，并对后面的敌人带来额外技能伤害。承受伤害的目标移动速度减少。,dak.gg api zh-CN + er-gamedata coefficient text
031-rio-w-1031310,31,Rio,莉央,Rio,W,1031310,RioActive2Long,None,分离,5,false,false,0,,no_structured_extension_in_er-gamedata,,,er-gamedata zh-CN fallback
031-rio-e-1031400,31,Rio,莉央,Rio,E,1031400,RioActive3Short,None,箭越,5,true,false,0,,no_structured_extension_in_er-gamedata,单弓 : 莉央朝指定方向进行翻越，普攻射程内最多可以向{0}位敌人发射{12}支箭各造成{1}(+攻击力的{2})技能伤害。命中获得皆中叠层上限。 和弓 : 莉央朝指定方向进行翻越，普攻射程内最多可以向{0}位敌人发射1支箭造成{4}(+攻击力的{5})技能伤害，并在敌人周围{6}内造成{7}(+攻击力的{8})范围技能伤害。命中敌人时获得皆中叠层上限。,无消耗 / 冷却15秒 单弓 : 莉央朝指定方向进行翻越，向普攻范围内的敌人发射多支箭矢造成技能伤害。命中获得皆中叠层上限。 和弓 : 莉央朝指定方向进行翻越，向普攻范围内的敌人发射1支箭，造成技能伤害的同时可以给敌人周围形成范围技能伤害。命中敌人时获得皆中叠层上限。,dak.gg api zh-CN + er-gamedata coefficient text
031-rio-e-1031410,31,Rio,莉央,Rio,E,1031410,RioActive3Long,None,箭越,5,false,false,0,,no_structured_extension_in_er-gamedata,,,er-gamedata zh-CN fallback
031-rio-r-1031500,31,Rio,莉央,Rio,R,1031500,RioActive4Short,None,连矢 / 正射必中,3,true,false,0,,no_structured_extension_in_er-gamedata,施法连矢 / 正射必中时，此时皆中叠层达到上限。 单弓 : 莉央快速朝指定的方向发射{0}支箭各造成{1}(+攻击力{2})的技能伤害并推开敌人，缩减连矢/正射必中的冷却时间{11}秒。发射{0}支箭后，再次发射出1支强力的箭矢，被击中的敌人承受{3}(+攻击力的{4})技能伤害并震退{9}。被震退的敌人如果撞到墙，将对其造成技能伤害{16}(+攻击力的{17})并晕厥{10}秒。 和弓 : 开弓射箭，被击中的人承受{5}(+攻击力的{6})范围技能伤害，承受伤害的目标{7}秒间移动速度减少{8}。发射{12}秒后箭的速度增加{13}，伤害量增加{14}，移动速度减少持续时间增加{15}。箭在击中目标或飞到范围末端后消失。,无消耗 / 冷却80秒 施法连矢 / 正射必中时，此时皆中叠层达到上限。 单弓 : 莉央快速朝指定的方向发射多支箭造成技能伤害并推开敌人，缩减连矢/正射必中的冷却时间。连续射箭后，再次发射出一支强力的箭矢，被击中的敌人承受技能伤害并震退。被震退的敌人如果撞到墙，将对其造成技能伤害并使其陷入晕厥。 和弓 : 开弓射箭，被击中的人承受范围技能伤害并减少移动速度。发射后短时间内增加箭的速度、伤害量及移动速度减少持续时间。箭在击中目标或飞到范围末端才会消失。,dak.gg api zh-CN + er-gamedata coefficient text
031-rio-r-1031510,31,Rio,莉央,Rio,R,1031510,RioActive4Long,None,连矢 / 正射必中,3,false,false,0,,no_structured_extension_in_er-gamedata,,,er-gamedata zh-CN fallback
031-rio-r-1031520,31,Rio,莉央,Rio,R,1031520,RioActive4ShortFinish,None,连矢 / 正射必中,3,false,false,0,,no_structured_extension_in_er-gamedata,,,er-gamedata zh-CN fallback
032-william-p-1032100,32,William,威廉,William,P,1032100,None,WilliamPassive,热身,3,true,false,0,,no_structured_extension_in_er-gamedata,威廉的普攻每{0}秒从敌人身上弹回一个棒球，并在威廉附近停留{4}秒。威廉捡起棒球并在{5}秒内发起下一次普攻时，下一次普攻射程增加{2}、造成(+攻击力的{1}) * (普攻增幅)普攻伤害。 捡起棒球可维持{3}秒的热身叠层。,无消耗 / 冷却1.5秒 威廉的普攻每隔一定时间从敌人身上弹回一个棒球，并在威廉附近停留片刻。威廉捡起棒球并在一段时间内发起普攻时，下一次普攻射程增加并造成额外伤害。 捡起棒球的一定时间内维持热身叠层。,dak.gg api zh-CN + er-gamedata coefficient text
032-william-q-1032200,32,William,威廉,William,Q,1032200,WilliamActive1,None,变化球,5,true,false,0,,no_structured_extension_in_er-gamedata,被动: 只有在获得热身叠层上限时才能使用技能。 威廉{0}秒间攻击速度提高{1}，普攻额外投掷一个棒球，造成攻击力的{2} * (普攻增幅)普攻伤害。热身的额外伤害仅适用于第一个球，并延长变化球的持续时间{3}秒。,无消耗 / 冷却5秒 被动: 只有在获得热身叠层上限时才能使用技能。 威廉在持续时间内攻击速度提高，普攻额外投掷一个棒球，造成伤害。热身的额外伤害仅适用于第一个球，并延长变化球的持续时间。,dak.gg api zh-CN + er-gamedata coefficient text
032-william-w-1032300,32,William,威廉,William,W,1032300,WilliamActive2,None,挥臂投球,5,true,false,0,,no_structured_extension_in_er-gamedata,威廉朝指定方向扔出一个强力球，路径上的敌人承受 {0}(+攻击力的{1})技能伤害，{4}秒间移动速度减少{5}。 稍后在棒球原路返回至威廉的路径上，适用同等伤害和减速效果，并获得热身叠层。在棒球投掷和返回的路径上被命中两次的敌人， 晕厥{6}秒。 投手丘: 威廉生成一个持续{2}秒的投手丘，击退范围内的敌人。站在投手丘上时，热身的球将弹回至威廉并使防御力增加{3}。,无消耗 / 冷却14秒 威廉朝指定方向扔出一个强力球，对路径上的敌人造成技能伤害，并减少他们的移动速度。稍后在棒球原路返回至威廉的路径上，适用同等伤害和减速效果，并获得热身叠层。在棒球投掷和返回的路径上被命中两次的敌人，晕厥一定时间。 投手丘: 威廉在一定时间内生成一个投手丘，击退范围内的敌人。站在投手丘上时，热身的球将弹回至威廉并增加防御力。,dak.gg api zh-CN + er-gamedata coefficient text
032-william-e-1032400,32,William,威廉,William,E,1032400,WilliamActive3,WilliamActive3Passive,滑垒接球,5,true,false,0,,no_structured_extension_in_er-gamedata,被动 : 朝棒球所在方向移动时，移动速度增加{1}。 威廉快速滑到棒球落点处。,无消耗 被动 : 朝棒球所在方向移动时，移动速度增加。 威廉快速滑到棒球落点处。 冷却固定: 此技能不受冷却缩减影响。,dak.gg api zh-CN + er-gamedata coefficient text
032-william-r-1032500,32,William,威廉,William,R,1032500,WilliamActive4,None,王牌投球,3,true,false,0,,no_structured_extension_in_er-gamedata,威廉跳到空中向指定地点投掷棒球，范围内的敌人承受 {0}(+攻击力的{1})技能伤害，{2}秒间移动速度减少{3}。处于范围中心的敌人{4}秒间移动速度减少{5} 。 球在撞击后从中心位置反弹出四个球并在地面停留{6}秒。,无消耗 / 冷却60秒 威廉跳到空中向指定地点投掷棒球，对范围内的敌人造成技能伤害，并减少他们的移动速度。处于范围中心的敌人移动速度减少的更多。 球在撞击后从中心位置反弹出四个球并会在地面停留片刻。,dak.gg api zh-CN + er-gamedata coefficient text
033-nicky-p-1033100,33,Nicky,妮琪,Nicky,P,1033100,None,NickyPassive,狂躁,3,true,false,0,,no_structured_extension_in_er-gamedata,妮琪将承受敌方实验体伤害量转为愤怒值，最多可达妮琪体力上限的{0}。非战斗状态下，愤怒值会慢慢减少。 愤怒值达到上限时，{1}秒间处于狂躁状态。狂躁状态下，普攻或技能伤害命中实验体时，将重置持续时间。 狂躁 状态下，攻击速度增加{2}，对普攻目标和周围敌人造成{10}(+技能增幅的{12})的额外技能伤害。,无消耗 妮琪将承受敌方实验体伤害量转为愤怒值。非战斗状态下，愤怒值会慢慢减少。愤怒值达到上限时，将进入狂躁状态。狂躁状态下，普攻或技能伤害命中实验体时，重置持续时间。 狂躁状态下普攻速度增加，普攻额外造成范围伤害。,dak.gg api zh-CN + er-gamedata coefficient text
033-nicky-q-1033200,33,Nicky,妮琪,Nicky,Q,1033200,NickyActive1_1,None,格斗动作,5,true,false,0,,no_structured_extension_in_er-gamedata,格斗动作 : 妮琪用拳头蓄力，移动速度降低{0}。再次使用技能时，短暂击退第一个冲撞的敌人并造成{1}(+技能增幅的{9})~{3}(+技能增幅的{10})技能伤害。命中敌人时，冷却时间减少{8}，可以使用技能特技动作。 特技动作 : 给前方范围内的敌人造成 {5}(+技能增幅的{11})技能伤害，每命中一个敌人充能{12}(+技能增幅的{14})愤怒值。,无消耗 / 冷却14秒 格斗动作 : 妮琪用拳头蓄力。再次使用技能向鼠标方向突进，短暂击退第一个冲撞的敌人并造成伤害。根据蓄力时间增加伤害和突进距离。命中敌人时，减少冷却并可以使用技能特技动作。 特技动作 : 给前方范围内的敌人造成伤害，按命中数对愤怒值进行充能。,dak.gg api zh-CN + er-gamedata coefficient text
033-nicky-q-1033210,33,Nicky,妮琪,Nicky,Q,1033210,NickyActive1_2,None,特技动作,5,true,false,0,,no_structured_extension_in_er-gamedata,格斗动作 : 妮琪用拳头蓄力，移动速度降低{0}。再次使用技能时，短暂击退第一个冲撞的敌人并造成{1}(+技能增幅的{9})~{3}(+技能增幅的{10})技能伤害。命中敌人时，冷却时间减少{8}，可以使用技能特技动作。 特技动作 : 给前方范围内的敌人造成 {5}(+技能增幅的{11})技能伤害，每命中一个敌人充能{12}(+技能增幅的{14})愤怒值。,无消耗,dak.gg api zh-CN + er-gamedata coefficient text
033-nicky-w-1033300,33,Nicky,妮琪,Nicky,W,1033300,NickyActive2_1,None,格挡 & 反击,5,true,false,0,,no_structured_extension_in_er-gamedata,格挡 : 向鼠标所指方向采取战斗姿势，{0}秒间所有承受伤害减少{1}，免疫所有负面效果。成功减少伤害或是免疫移动受损效果时，{2}秒间可以使用 愤怒重拳！，持续时间结束后激活反击。 反击 : 在保持减少承受伤害的状态下突进，对周围的敌人造成{10}(+技能增幅的{12})技能伤害，{4}秒间移动速度减缓{5}并在持续时间内逐渐恢复。,无消耗 / 冷却8秒 格挡 : 向鼠标所指方向采取战斗姿势， 短时间内减少所有承受伤害，免疫所有负面效果。成功减少伤害或是免疫移动受损效果时，可以使用愤怒重拳！，持续时间结束后启动 反击。 反击 : 在保持减少承受伤害的状态下突进，对周围的敌人造成伤害，使其移动速度变缓。,dak.gg api zh-CN + er-gamedata coefficient text
033-nicky-e-1033400,33,Nicky,妮琪,Nicky,E,1033400,NickyActive3_1,None,重拳,5,true,false,0,,no_structured_extension_in_er-gamedata,重拳 : 妮琪给前方敌人一击重拳，造成 {0}(+技能增幅的{9})技能伤害，敌人{2}秒间移动速度减少{3}。 愤怒重拳！ : 格挡成功时可以使用愤怒重拳！。愤怒重拳！给前方敌人造成{4}(+技能增幅的{10})技能伤害，同时移动速度{6}秒间减少{7}，晕厥{8}秒。 愤怒重拳！不与重拳共享冷却时间。,无消耗 / 冷却12秒 重拳 : 妮琪给前方敌人一击重拳，造成伤害的同时降低敌人的移动速度。 愤怒重拳！ : 防御成功时可以使用愤怒重拳！。愤怒重拳！给前方敌人造成更大的伤害并降低敌人的移动速度，同时还可以晕厥敌人。 愤怒重拳！不与重拳共享冷却时间。,dak.gg api zh-CN + er-gamedata coefficient text
033-nicky-e-1033410,33,Nicky,妮琪,Nicky,E,1033410,NickyActive3_2,None,愤怒重拳！,5,true,false,0,,no_structured_extension_in_er-gamedata,重拳 : 妮琪给前方敌人一击重拳，造成 {0}(+技能增幅的{9})技能伤害，敌人{2}秒间移动速度减少{3}。 愤怒重拳！ : 格挡成功时可以使用愤怒重拳！。愤怒重拳！给前方敌人造成{4}(+技能增幅的{10})技能伤害，同时移动速度{6}秒间减少{7}，晕厥{8}秒。 愤怒重拳！不与重拳共享冷却时间。,无消耗,dak.gg api zh-CN + er-gamedata coefficient text
033-nicky-r-1033500,33,Nicky,妮琪,Nicky,R,1033500,NickyActive4,None,愤怒的上勾拳！,3,true,false,0,,no_structured_extension_in_er-gamedata,妮琪以敌人实验体为目标突进，使用上勾拳攻击并造成{10}(+技能增幅的{12})的技能伤害，使目标悬空{1}秒。狂躁状态下，造成 {13}(+技能增幅的{15})的技能伤害。 突进时处于无法阻止的状态。,无消耗 / 冷却80秒 妮琪以无法阻止的状态向敌人实验体突进，使用上勾拳发起攻击造成技能伤害，使目标悬空。狂躁状态下，愤怒攻击增加伤害。,dak.gg api zh-CN + er-gamedata coefficient text
034-nathapon-p-1034100,34,Nathapon,纳塔朋,Nathapon,P,1034100,None,NathaponPassive,摄影技巧,3,true,false,0,,no_structured_extension_in_er-gamedata,纳塔朋捕捉每一个珍贵的瞬间，将之记录在相机里。纳塔朋使用的相机攻速固定，普攻无法造成暴击，但普攻时可以给敌人造成{0}(+攻击速度{1})(+技能增幅{2})的额外技能伤害。 焦距 : 对敌人造成技能或普攻伤害时获得焦距叠层。焦距最多可叠加至{3}次，每个叠层能使纳塔朋技能造成的伤害增加{4}。 潜行相机 : 望远监视器和树枝组合起来可以制作具有隐身效果的潜行相机。,无消耗 纳塔朋捕捉每一个珍贵的瞬间，将之记录在相机里。纳塔朋使用的相机攻击速度固定，普攻无法造成暴击，但普攻时可以给敌人造成额外技能伤害。 焦距 : 对敌人造成技能或普攻伤害时获得焦距叠层。焦距最多可叠加至3次，每个叠层能增加纳塔朋使用技能造成的伤害。 望远监视器和树枝组合起来可以制作具有隐身效果的潜行相机。,dak.gg api zh-CN + er-gamedata coefficient text
034-nathapon-q-1034200,34,Nathapon,纳塔朋,Nathapon,Q,1034200,NathaponActive1,None,快拍,5,true,false,0,,no_structured_extension_in_er-gamedata,纳塔朋在指定地点拍照，造成{2}(+技能增幅的{7})技能伤害。被赋予{4}个焦距叠层的敌人，短时间内降低移动速度和攻击速度。,无消耗 / 冷却5秒 纳塔朋在指定地点拍照造成技能伤害。被赋予3个焦距叠层的敌人，暂时降低移动速度和攻击速度。,dak.gg api zh-CN + er-gamedata coefficient text
034-nathapon-w-1034300,34,Nathapon,纳塔朋,Nathapon,W,1034300,NathaponActive2,None,时间轨迹,5,true,false,0,,no_structured_extension_in_er-gamedata,纳塔朋设置一个延时相机，每秒对范围内的敌人造成{0}(+技能增幅的{8})技能伤害。范围内敌人移动速度降低{2}。 最后一瞬被拍到的敌人，承受{3}(+技能增幅的{7})额外技能伤害并被束缚{5}秒。,无消耗 / 冷却14秒 纳塔朋设置一个延时相机，每秒对范围内的敌人造成技能伤害。范围内敌人移动速度降低。 最后一瞬被拍到的敌人，承受额外伤害并被束缚。,dak.gg api zh-CN + er-gamedata coefficient text
034-nathapon-e-1034400,34,Nathapon,纳塔朋,Nathapon,E,1034400,NathaponActive3,NathaponActive3Passive,时光倒影,5,true,false,0,,no_structured_extension_in_er-gamedata,纳塔朋发射对焦框。被命中的敌人承受{0}(+技能增幅的{10})伤害，并在{2}秒内减速{3}。对焦框命中敌人时，会在该位置留下一个标识。{4}秒过后，纳塔朋在{5}秒间对敌人发起普攻时，给对焦框击中的敌人造成{6}(+技能增幅的{11})技能伤害并将其传送回标识位置。针对被对焦框命中的敌人，纳塔朋的射程增加到{8}m并适用摄影技巧的额外伤害。,"无消耗 / 冷却12秒 纳塔朋发射对焦框，给命中的敌人造成技能伤害并降低敌人的移动速度。对焦框命中敌人时，会在该位置留下一个标识。1.5秒过后，纳塔朋在3.5秒间发起普攻时，给被对焦框击中的敌人造成技能伤害并将其传送回标识位置。此时，针对被对焦框命中的敌人,纳塔朋的射程增加到10m并适用摄影技巧的额外伤害。 当敌人被击退或远离标识超过一定距离时，标识将消失。",dak.gg api zh-CN + er-gamedata coefficient text
034-nathapon-e-1034410,34,Nathapon,纳塔朋,Nathapon,E,1034410,NathaponActive3Pull,None,时光倒影,1,false,false,0,,no_structured_extension_in_er-gamedata,,,er-gamedata zh-CN fallback
034-nathapon-r-1034500,34,Nathapon,纳塔朋,Nathapon,R,1034500,NathaponActive4,None,定位拍摄,3,true,false,0,,no_structured_extension_in_er-gamedata,纳塔朋设置一个定时器，{0}秒后拍摄范围内的所有目标。被拍摄的目标在{1}秒内呈凝滞状态。被拍到的敌人立即被赋予{2}个焦距叠层。,无消耗 / 冷却80秒 纳塔朋设置一个定时器拍摄范围内的所有目标。被拍摄的目标呈凝滞状态。被拍到的敌人立即被赋予3个焦距叠层。,dak.gg api zh-CN + er-gamedata coefficient text
035-jan-p-1035100,35,Jan,扬,Jan,P,1035100,None,JanPassive,狂热意志,3,true,false,0,,no_structured_extension_in_er-gamedata,每当扬对敌人造成伤害时，获得1个狂热意志叠层。当狂热意志叠层达到{0}以上时下一个技能会消耗该层数，技能膝踢、战斧飞踼及闪烁的冷却时间减少{4}并强化该技能。,无消耗 每当扬对敌人造成伤害时，都会获得狂热意志叠层。消耗狂热意志叠层强化下一个技能，同时缩减技能膝踢、战斧飞踼及闪烁的冷却时间。,dak.gg api zh-CN + er-gamedata coefficient text
035-jan-q-1035200,35,Jan,扬,Jan,Q,1035200,JanActive1_1,None,膝踢,5,true,false,0,,no_structured_extension_in_er-gamedata,膝踢 : 扬使用膝盖对范围内的敌人造成{0}(+额外攻击力{1})(+技能增幅{6})(+敌人体力上限{11})技能伤害，并使敌人的移动速度在{2}秒间减少{3}。再次施法可以使用飞膝踢。 强化效果 : 承受伤害的敌人{4}秒间防御力减少{5}。 飞膝踢 : 扬使用使用膝盖对敌人造成{7}(+额外攻击力的{8})(+技能增幅的{9})(+敌人体力上限{12})技能伤害并将敌人悬空{10}秒。 强化效果 : 飞膝踢命中敌人造成伤害时，重置技能闪烁的冷却时间。,无消耗 / 冷却12秒 扬使用技能膝踢对范围内的敌人造成伤害，并降低敌人的移动速度。再次点击激活技能飞膝踢。被飞膝踢命中的敌人将被踢至悬空。 膝踢强化效果 : 减少移动速度和防御力。 飞膝踢强化效果 : 击中敌人时重置闪烁技能的冷却时间。,dak.gg api zh-CN + er-gamedata coefficient text
035-jan-q-1035210,35,Jan,扬,Jan,Q,1035210,JanActive1_2,None,飞膝踢,5,true,false,0,,no_structured_extension_in_er-gamedata,膝踢 : 扬使用膝盖对范围内的敌人造成{0}(+额外攻击力的{1})(+技能增幅{6})(+敌人体力上限{11})的技能伤害，并使敌人的移动速度在{2}秒间减少{3}。再次施法可以使用飞膝踢。 强化效果 : 承受伤害的敌人{4}秒间防御力减少{5}。 飞膝踢 : 扬使用使用膝盖对敌人造成{7}(+额外攻击力{8})(+技能增幅{9})(+敌人体力上限{12})的技能伤害并将敌人悬空{10}秒。 强化效果 : 飞膝踢命中敌人造成伤害时，重置技能闪烁的冷却时间。,无消耗,dak.gg api zh-CN + er-gamedata coefficient text
035-jan-w-1035300,35,Jan,扬,Jan,W,1035300,JanActive2,None,战斧飞踼,5,true,false,0,,no_structured_extension_in_er-gamedata,扬使用战斧飞踼对范围内的敌人造成{0}(+额外攻击力{1})(+技能增幅{6})技能伤害。被外围命中的敌人将被击退，被击退的敌人如果撞墙，将承受{10}(+额外攻击力{11})(+技能增幅{12})额外技能伤害并陷入{5}秒的晕厥。 强化效果 : 伤害量增加{2}(+额外攻击力{3})(+技能增幅{7})，同时击退战斧飞踼范围内所有敌人，被击退的敌人如果撞到墙，将承受{10}(+额外攻击力{11})(+技能增幅{12})额外技能伤害并陷入{4}秒的晕厥。,无消耗 / 冷却15秒 扬使用战斧飞踼对范围内的敌人造成技能伤害。被外围命中的敌人将被击退，被击退的敌人如果撞墙，将承受额外技能伤害并陷入晕厥。 强化效果 : 增加伤害量并击退战斧飞踼范围内所有敌人，被击退的敌人如果撞到墙，将承受额外技能伤害并陷入晕厥。,dak.gg api zh-CN + er-gamedata coefficient text
035-jan-e-1035400,35,Jan,扬,Jan,E,1035400,JanActive3,None,闪烁,5,true,false,0,,no_structured_extension_in_er-gamedata,扬向前突进，下一个普攻强化造成{0}(+额外攻击力{1})(+技能增幅{5})(+敌人体力上限{6})的技能额外伤害。下一个技能膝踢、战斧飞踼命中时，根据该技能伤害量恢复{2}~{3}的已失体力。(当体力降低到40%时适用体力恢复上限)可以在使用技能战斧飞踼的同时施放技能闪烁。 强化效果 : 缩减闪烁冷却{4}。,无消耗 / 冷却10秒 扬向前突进，下一个普攻强化造成技能额外伤害。下一个技能膝踢或战斧飞踼命中时，根据该技能造成的伤害量恢复扬的部分体力，根据已失体力可以额外增加体力恢复量。可以在使用技能战斧飞踼的同时施放技能闪烁。 强化效果 : 缩减技能闪烁的冷却时间。,dak.gg api zh-CN + er-gamedata coefficient text
035-jan-e-1035410,35,Jan,扬,Jan,E,1035410,JanActive3Attack,None,얀 위빙 공격,1,false,false,0,,no_structured_extension_in_er-gamedata,,,er-gamedata zh-CN fallback
035-jan-r-1035500,35,Jan,扬,Jan,R,1035500,JanActive4,None,擂台之魂,3,true,false,0,,no_structured_extension_in_er-gamedata,扬召唤一个可以维持{0}秒的方形擂台，获得{9}个狂热意志叠层。触碰到擂台绳圈的敌人承受{1}(+额外攻击力的{2})(+技能增幅的{10})技能伤害，并在{3}秒间减少{4}移动速度，被击退至擂台绳圈的敌人将反弹回擂台中心。擂台绳索触碰后立即消失。在擂台范围内参与击杀敌方实验体时，立即获得{6}个狂热意志叠层，同时移动速度{7}秒间增加{8}。,无消耗 / 冷却70秒 扬召唤一个方形擂台，获得狂热意志叠层。触碰到擂台绳圈的敌人会被减速并承受伤害。被击退至擂台绳圈的敌人将反弹回擂台中心。擂台绳索触碰后立即消失。 在擂台范围内参与击杀敌方实验体时，立即获得狂热意志叠层，同时增加移动速度。,dak.gg api zh-CN + er-gamedata coefficient text
036-eva-p-1036100,36,Eva,伊娃,Eva,P,1036100,None,EvaPassive,念力,3,true,false,0,,no_structured_extension_in_er-gamedata,念力 : 伊娃{6}级别以后可以远程操控物品箱子、钓鱼、采集、复活濒死队友以及航空补给箱。战斗中的远程操作仅适用于航空补给箱、采集陨石、生命树枝和生命体。 伊娃每{2}秒普攻射程增加{13}，造成{0}(+技能增幅的{12})的技能伤害。 非战斗中每{8}秒获得{9}Vital Force能量，成功击杀实验体获得{10}，助攻获得{11}。强化普攻命中时，获得{7}Vital Force能量。,无消耗 / 冷却5秒 念力 : 伊娃6级别以后可使用念力远程操控物品箱子、钓鱼、采集、复活濒死队友以及航空补给箱。战斗中的远程操作仅适用于航空补给箱、采集陨石、生命树枝与生命体。 伊娃冷却期间增加普攻射程，造成额外技能伤害。 非战斗中，每隔一定时间成功击杀实验体或助攻可以获得Vital Force能量。强化普攻命中时，可以获得Vital Force能量。,dak.gg api zh-CN + er-gamedata coefficient text
036-eva-q-1036200,36,Eva,伊娃,Eva,Q,1036200,EvaActive1_1,None,光影球,5,true,false,0,,no_structured_extension_in_er-gamedata,伊娃发射一枚穿透性的球体，对路径上的敌人造成{0}(+技能增幅的{5})技能伤害。球体在飞到射程末端或再次使用技能时爆炸，范围内的敌人承受 {2}(+技能增幅的{6})技能伤害。 如果爆炸时命中敌人冷却缩减{7}秒。 技能命中获得Vital Force能量{4}。,无消耗 / 冷却9秒 伊娃发射一枚穿透性的球体，对路径上的敌人造成技能伤害。球体在飞到射程末端或再次使用技能时爆炸，范围内的敌人承受技能伤害。 如果爆炸时命中敌人冷却缩减。 技能命中获得Vital Force能量。,dak.gg api zh-CN + er-gamedata coefficient text
036-eva-q-1036210,36,Eva,伊娃,Eva,Q,1036210,EvaActive1_2,None,光影球,5,true,false,0,,no_structured_extension_in_er-gamedata,伊娃发射一枚穿透性的球体，对路径上的敌人造成{0}(+技能增幅的{5})技能伤害。球体在飞到射程末端或再次使用技能时爆炸，范围内的敌人承受 {2}(+技能增幅的{6})技能伤害。 如果爆炸时命中敌人冷却缩减{7}秒。 技能命中获得Vital Force能量{4}。,伊娃发射一枚穿透性的球体，对路径上的敌人造成{20}技能伤害。球体在飞到射程末端或再次使用技能时爆炸，范围内的敌人承受{21}技能伤害。 技能命中获得Vital Force能量{4}。,er-gamedata zh-CN fallback
036-eva-w-1036300,36,Eva,伊娃,Eva,W,1036300,EvaActive2,None,光之旋涡,5,true,false,0,,no_structured_extension_in_er-gamedata,伊娃在指定的位置生成一个维持{4}秒的光之旋涡，范围内的敌人承受{0}(+技能增幅的{10})技能伤害。停留在范围内的敌人移动速度减少{8}。 光之旋涡持续时间结束时，范围内的敌人承受 {2}(+技能增幅的{11})技能伤害，位于范围中心的敌人悬空{6}秒。 技能命中获得Vital Force能量{9}。,无消耗 / 冷却11秒 伊娃在指定的位置生成一个光之旋涡，范围内的敌人承受技能伤害。处于范围内的敌人移动速度减少。 光之旋涡持续时间结束时，范围内的敌人承受技能伤害，位于范围中心的敌人会悬空。 技能命中获得Vital Force能量。,dak.gg api zh-CN + er-gamedata coefficient text
036-eva-e-1036400,36,Eva,伊娃,Eva,E,1036400,EvaActive3_1,None,幻步,5,true,false,0,,no_structured_extension_in_er-gamedata,伊娃{9}秒内移动速度增加{10}，进入只能移动的状态，并获得{8}Vital Force。此时免疫移动速度减少效果。 此外，{4}秒内可以不受地形限制获得视野，持续期间内对敌人造成技能伤害时，将发射{5}秒的VF能量球，造成{0}(+技能增幅的{7})的技能伤害。 VF能量球不会对VF觉醒普攻伤害的目标触发，而是触发于承受叠层伤害的目标。,无消耗 / 冷却9秒 伊娃暂时免疫移动速度减少效果且移动速度增加，进入只能移动的状态并获得Vital Force。 在一定期间内不受地形限制获得视野，持续期间内对敌人造成技能伤害，并发射持续一段时间的VF能量球，造成技能伤害。 VF能量球不会对VF觉醒普攻伤害的目标触发，而是触发于承受叠层伤害的目标。,dak.gg api zh-CN + er-gamedata coefficient text
036-eva-r-1036500,36,Eva,伊娃,Eva,R,1036500,EvaActive4,None,VF觉醒,3,true,false,0,,no_structured_extension_in_er-gamedata,伊娃集中精神朝指定方向投射VF觉醒的力量，每{0}秒给范围内的敌人造成{1}(+技能增幅的{8})技能伤害，并赋予敌人叠层。被赋予{2}叠层的目标承受 {3}(+技能增幅的{9})技能伤害并重置叠层。 使用VF 觉醒技能至少需要{5}Vital Force能量，投射时每{6}秒消耗{7}。,无消耗 伊娃集中精神朝指定方向投射VF 觉醒，给范围内的敌人造成技能伤害，并赋予敌人叠层。 叠层至上限时承受额外伤害并重置叠层。 使用VF 觉醒技能至少需要20Vital Force能量，並在使用技能时持续消耗。,dak.gg api zh-CN + er-gamedata coefficient text
037-daniel-p-1037100,37,Daniel,丹尼尔,Daniel,P,1037100,None,DanielPassive,孤独的艺术家,3,true,false,0,,no_structured_extension_in_er-gamedata,丹尼尔在夜晚变成孤独的艺术家，和其他实验体相比夜间视野增加{0}，移动速度增加{1}。,无消耗 丹尼尔在夜晚变成一位孤独的艺术家，增加夜间视野和移动速度。,dak.gg api zh-CN + er-gamedata coefficient text
037-daniel-q-1037200,37,Daniel,丹尼尔,Daniel,Q,1037200,DanielActive1,DanielActive1Passive,剪影,5,true,false,0,,no_structured_extension_in_er-gamedata,在指定位置召唤剪影，对敌人造成{0}(+攻击力{1})的技能伤害，之后的3回普攻3秒间攻击速度增加{7}。处于剪刀中心的敌人承受{2}(+攻击力{3})的技能伤害，并在{5}秒间减少移动速度{6}。,无消耗 / 冷却10秒 丹尼尔在指定位置召唤剪影，对敌人造成技能伤害，命中时，之后的3回普攻增加攻击速度。处于剪刀中心的敌人承受更大的技能伤害并减少移动速度。,dak.gg api zh-CN + er-gamedata coefficient text
037-daniel-w-1037300,37,Daniel,丹尼尔,Daniel,W,1037300,DanielActive2,DanielActive2Passive,灵感,5,true,false,0,,no_structured_extension_in_er-gamedata,丹尼尔对指定的敌人实验体施加灵感 标识。 丹尼尔可以获得被标识目标周围2m的视野，被标识的目标视野持续减少{8}秒，直到再次承受丹尼尔的攻击，同时{0}秒间在标识上累积所造成伤害的{7}(+额外攻击力{13})%。 维持灵感标识{0}秒状态的敌人将成为丹尼尔的灵感来源。丹尼尔在{2}秒内攻击灵感来源使标识爆炸，并造成等同于累计伤害量的真实伤害和{3}(+攻击力{4})的技能伤害，{1}秒间移动速度减少{12}。 此技能可以用于终极野怪。,无消耗 / 冷却7秒 丹尼尔对指定的敌人实验体施加灵感标识。 丹尼尔可以获得被标识目标周围有限的视野，而被标识的敌人在再次承受丹尼尔攻击前的视野减少，同时累计丹尼尔造成的一部分伤害。 持续灵感标识状态的敌人将成为丹尼尔的灵感来源。丹尼尔攻击灵感来源时，标识将爆炸并造成等同于累计伤害的真实伤害和技能伤害，移动速度变缓。 此技能可以用于终极野怪。,dak.gg api zh-CN + er-gamedata coefficient text
037-daniel-e-1037400,37,Daniel,丹尼尔,Daniel,E,1037400,DanielActive3,None,暗影刺客,5,true,false,0,,no_structured_extension_in_er-gamedata,丹尼尔朝目标方向突进，{1}秒间化身一道黑影。黑影状态下普攻射程固定3m，{1}秒间下一个普攻会将丹尼尔瞬间传送到目标身后，造成{2}(+额外攻击力{3})的额外技能伤害。,无消耗 / 冷却10秒 丹尼尔化身成一道黑影朝目标方向突进。黑影状态下进行普攻增加射程并会将丹尼尔瞬间传送到目标身后，造成额外技能伤害。,dak.gg api zh-CN + er-gamedata coefficient text
037-daniel-r-1037510,37,Daniel,丹尼尔,Daniel,R,1037510,DanielActive4_1,DanielActive4Passive,完美杰作,3,true,false,0,,no_structured_extension_in_er-gamedata,丹尼尔对敌人造成伤害后的{9}秒内可以化身为敌人实验体的影子。化身为影子时，敌人将陷入{6}秒沉默状态，丹尼尔最多可以在影子中停留{0}秒，持续期间内将目标造成{4}(+攻击力{5})技能伤害，最多4次。持续时间结束或再次使用技能时，丹尼尔将从影子中走出来并造成{1}(+攻击力{2})的技能伤害。,丹尼尔对敌人造成伤害后的{9}秒内可以化身为敌人实验体的影子。化身为影子时，敌人将陷入{6}秒沉默状态，丹尼尔最多可以在影子中停留{0}秒，持续期间内将目标造成{20}技能伤害，最多4次。持续时间结束或再次使用技能时，丹尼尔将从影子中走出来并造成{21}的技能伤害。,er-gamedata zh-CN fallback
037-daniel-r-1037520,37,Daniel,丹尼尔,Daniel,R,1037520,DanielActive4_2,None,完美杰作,3,true,false,0,,no_structured_extension_in_er-gamedata,丹尼尔对敌人造成伤害后的{9}秒内可以化身为敌人实验体的影子。化身为影子时，敌人将陷入{6}秒沉默状态，丹尼尔最多可以在影子中停留{0}秒，持续期间内将目标造成{4}(+攻击力{5})技能伤害，最多4次。持续时间结束或再次使用技能时，丹尼尔将从影子中走出来并造成{1}(+攻击力{2})的技能伤害。,丹尼尔对敌人造成伤害后的{9}秒内可以化身为敌人实验体的影子。化身为影子时，敌人将陷入{6}秒沉默状态，丹尼尔最多可以在影子中停留{0}秒，持续期间内将对目标造成{20}技能伤害，最多4次。持续时间结束或再次使用技能时，丹尼尔将从影子中走出来并造成{21}的技能伤害。,er-gamedata zh-CN fallback
038-jenny-p-1038100,38,Jenny,珍妮,Jenny,P,1038100,None,JennyPassive,死亡演技,3,true,false,0,,no_structured_extension_in_er-gamedata,演技值 : 使用技能「演员的修养」转换扮演角色获得额外效果。 红酒 : 攻击速度增加{9}，持续{8}秒。 红茶 : 移动速度增加{11}，持续{10}秒。 死亡演技 : 当体力为0时，珍妮将进入死亡演技状态，{2}秒间进入隐身、无敌，无法被指定为目标的状态，但是移动速度会大大降低，此后体力恢复{0}(+体力上限的{1})并复活。,无消耗 / 冷却90秒 演技 : 珍妮普攻可以缩减演员的修养(E)的冷却时间。使用技能演员的修养(E)转换扮演角色获得额外效果。红酒增加攻击速度， 红茶增加移动速度。 死亡演技 : 体力值为0时，珍妮将进入死亡演技状态，变为隐身、无敌，且无法被指定为目标的状态，但是移动速度会大大降低。死亡演技状态结束后复活并恢复体力。,dak.gg api zh-CN + er-gamedata coefficient text
038-jenny-p-1038110,38,Jenny,珍妮,Jenny,P,1038110,JennyPassiveDeathActing,None,死亡演技,3,false,false,0,,no_structured_extension_in_er-gamedata,,,er-gamedata zh-CN fallback
038-jenny-q-1038200,38,Jenny,珍妮,Jenny,Q,1038200,JennyActive1,None,聚光灯,5,true,false,0,,no_structured_extension_in_er-gamedata,珍妮用聚光灯照亮目标点 3 次，每次造成{0}(+技能增幅的{10})技能伤害。 照亮敌人时减少{8}秒冷却时间，照亮自己时获得额外效果。 红酒 : 攻击速度增加{3}，持续{2}秒。(叠层上限 : {4}) 红茶 : 移动速度增加{6}，持续{5}秒。(叠层上限 : {7}),无消耗 / 冷却9秒 珍妮用聚光灯照亮目标点3次造成伤害。 照亮敌人时减少技能的冷却时间，照亮自己获得额外效果。 红酒增加攻击速度。 红茶增加移动速度。,dak.gg api zh-CN + er-gamedata coefficient text
038-jenny-w-1038300,38,Jenny,珍妮,Jenny,W,1038300,JennyActive2BlackTea_1,None,红毯,5,true,false,0,,no_structured_extension_in_er-gamedata,珍妮在指定方向铺上红毯，命中的敌人承受{0}(+技能增幅的{6})技能伤害并在{5}秒间减少移动速度{2}。 再次使用技能，对红毯上的敌人造成{3}(+技能增幅的{7})技能伤害，红毯根据珍妮扮演的角色适用额外效果。 红酒: 将红毯上的敌人拉向自己。 红茶: 将红毯上的敌人推离。,无消耗 / 冷却15秒 珍妮在指定方向铺上红毯，命中的敌人承受伤害并减少移动速度。 再次使用技能，对红毯上的敌人造成伤害，红毯根据珍妮扮演的角色适用额外效果。 红酒将红毯上的敌人拉向自己，红茶将红毯上的敌人推离。,dak.gg api zh-CN + er-gamedata coefficient text
038-jenny-w-1038310,38,Jenny,珍妮,Jenny,W,1038310,JennyActive2BlackTea_2,None,红毯,5,true,false,0,,no_structured_extension_in_er-gamedata,珍妮在指定方向铺上红毯，命中的敌人承受{0}(+技能增幅的{6})技能伤害并在{5}秒间减少移动速度{2}。 再次使用技能，对红毯上的敌人造成{3}(+技能增幅的{7})技能伤害，红毯根据珍妮扮演的角色适用额外效果。 红酒: 将红毯上的敌人拉向自己。 红茶: 将红毯上的敌人推离。,珍妮在指定方向铺上红毯，命中的敌人承受{20}技能伤害并在{5}秒间减少移动速度{2}。 再次使用技能，对红毯上的敌人造成{21}技能伤害，红毯根据珍妮扮演的角色适用额外效果。 红酒 : 将红毯上的敌人拉向自己。 红茶 : 将红毯上的敌人推离。,er-gamedata zh-CN fallback
038-jenny-e-1038400,38,Jenny,珍妮,Jenny,E,1038400,JennyActive3BlackTea,JennyActive3Passive,演员的修养,5,true,false,0,,no_structured_extension_in_er-gamedata,被动 : 每次发起普攻时，此技能的冷却时间减少{3}秒，第{2}次普攻时造成{20}额外技能伤害。 使用效果 : 珍妮向指定方向移动一小段距离，切换扮演角色，激活额外技能伤害效果。,无消耗 / 冷却13秒 被动: 第3次普攻或激活演员的修养技能时造成额外技能伤害。 使用效果: 珍妮向指定方向移动一小段距离，切换扮演角色。 已设置的聚光灯和红毯效果不变。 冷却固定: 此技能不受冷却缩减影响。,dak.gg api zh-CN + er-gamedata coefficient text
038-jenny-r-1038500,38,Jenny,珍妮,Jenny,R,1038500,JennyActive4,None,最佳女主角,3,true,false,0,,no_structured_extension_in_er-gamedata,珍妮在周围设置一个颁奖舞台，范围内敌人移动速度减少{0}并重置演员的修养冷却时间。 舞台在{1}秒后消失，范围内敌人承受{2}(+技能增幅的{6})技能伤害并陷入迷惑{4}秒。,无消耗 / 冷却80秒 珍妮在周围设置一个颁奖舞台，减少范围内敌人移动速度，并重置演员的修养(E)的冷却时间。 舞台消失之际对周围敌人造成伤害，并使敌人暂时陷入迷惑状态。,dak.gg api zh-CN + er-gamedata coefficient text
039-camilo-p-1039100,39,Camilo,卡米洛,Camilo,P,1039100,None,CamiloPassive,Olé!,3,true,false,0,,no_structured_extension_in_er-gamedata,卡米洛对敌人造成伤害时，生成{6}秒的护盾，抵御 {3}(+攻击力的{4})伤害，同时攻击速度增加{0} 。 交替使用普攻和技能造成伤害时，缩减Olé!和终结舞曲的冷却{5}秒。,无消耗 / 冷却20秒 卡米洛对敌人造成伤害时，将生成护盾抵御伤害，同时增加攻击速度。 交替使用普攻和技能造成伤害时，缩减Olé!和终结舞曲的冷却。,dak.gg api zh-CN + er-gamedata coefficient text
039-camilo-q-1039200,39,Camilo,卡米洛,Camilo,Q,1039200,CamiloActive1_1,CamiloActive1Passive,弗拉门戈舞,5,true,false,0,,no_structured_extension_in_er-gamedata,"卡米洛用剑横扫前方造成{0}(+攻击力的{1}) * (普攻增幅)普攻伤害。 在外围击中敌人{2}秒间获得一个叠层，使卡米洛移动速度在{3}秒间增加{4}。 获得2个叠层时，卡米洛以圆形旋转两回给周围造成 {5}(+攻击力的{6}) * (普攻增幅), {7}(+攻击力的{8}) * (普攻增幅)的普攻伤害并将周围的敌人拉向自己，同时恢复自身{9}(+攻击力的{10})体力。 弗拉门戈舞的冷却根据额外攻击速度最多可以缩减{11}秒。 在节奏乐的第一段突进中使用该技能，卡米洛会对圆形范围内的敌人造成伤害，并适用外围命中效果。",无消耗 / 冷却5秒 卡米洛用剑横扫前方造成普攻伤害。 在外围击中敌人获得一个叠层增加卡米洛的移动速度。 获得2个叠层时，卡米洛以圆形旋转两回给周围造成普攻伤害并将周围的敌人拉向自己，同时恢复自身体力。 根据额外攻击速度缩减弗拉门戈舞的冷却。 在节奏乐的第一段突进中使用该技能，卡米洛会对圆形范围内的敌人造成伤害，并适用外围命中效果。,dak.gg api zh-CN + er-gamedata coefficient text
039-camilo-q-1039210,39,Camilo,卡米洛,Camilo,Q,1039210,CamiloActive1_2,CamiloActive1Passive,弗拉门戈舞 - 升华,5,true,false,0,,no_structured_extension_in_er-gamedata,"卡米洛用剑横扫前方造成{0}(+攻击力的{1}) * (普攻增幅)普攻伤害。 在外围击中敌人{2}秒间获得一个叠层，使卡米洛移动速度在{3}秒间增加{4}。 获得2个叠层时，卡米洛以圆形旋转两回给周围造成 {5}(+攻击力的{6}) * (普攻增幅), {7}(+攻击力的{8}) * (普攻增幅)的普攻伤害并将周围的敌人拉向自己，同时恢复自身{9}(+攻击力的{10})体力。 弗拉门戈舞的冷却根据额外攻击速度最多可以缩减{11}秒。 在节奏乐的第一段突进中使用该技能，卡米洛会对圆形范围内的敌人造成伤害，并适用外围命中效果。",卡米洛用剑横扫前方造成{0}普攻伤害。 在外围击中敌人{1}秒间获得一个叠层，使卡米洛移动速度在{2}秒间增加{3}。 获得2个叠层时，卡米洛以圆形旋转两回给周围造成 {4}、{5}的普攻伤害并将周围的敌人拉向自己，同时恢复自身{6}体力。 弗拉门戈舞的冷却根据额外攻击速度最多可以缩减{7}秒。 在节奏乐的第一段突进中使用该技能，卡米洛会对圆形范围内的敌人造成伤害，并适用外围命中效果。,er-gamedata zh-CN fallback
039-camilo-q-1039220,39,Camilo,卡米洛,Camilo,Q,1039220,CamiloActive1_3,CamiloActive1Passive,브엘따 - 회전 (연계),5,false,false,0,,no_structured_extension_in_er-gamedata,,,er-gamedata zh-CN fallback
039-camilo-w-1039300,39,Camilo,卡米洛,Camilo,W,1039300,CamiloActive2,None,终结舞曲,5,true,false,0,,no_structured_extension_in_er-gamedata,卡米洛旋转着向前突进，造成{1}(+攻击力的{2}) * (普攻增幅) 普攻伤害，最多可造成{0}次。,无消耗 / 冷却18秒 卡米洛旋转着向前突进，连续造成多次普攻伤害。,dak.gg api zh-CN + er-gamedata coefficient text
039-camilo-e-1039400,39,Camilo,卡米洛,Camilo,E,1039400,CamiloActive3,None,节奏乐,5,true,false,0,,no_structured_extension_in_er-gamedata,卡米洛快速冲向目标，造成{0}(+攻击力的{1})技能伤害，并在{2}秒内赋予目标一步舞。 朝着被赋予一步舞的目标再次使用该技能，可以快速接近目标造成{3}(+攻击力的{4})技能伤害，并将目标击退拉开距离赋予其两步舞，持续{5}秒。 无法对已被赋予两步舞的目标使用技能节奏乐。,无消耗 卡米洛快速冲向目标，造成技能伤害并赋予目标一步舞。 朝着被赋予一步舞的目标再次使用该技能，可以快速接近目标造成技能伤害，将目标击退后拉开距离并赋予其两步舞。 无法对已被赋予两步舞的目标使用技能节奏乐。,dak.gg api zh-CN + er-gamedata coefficient text
039-camilo-r-1039500,39,Camilo,卡米洛,Camilo,R,1039500,CamiloActive4_1,None,舞者魅力,3,true,false,0,,no_structured_extension_in_er-gamedata,卡米洛随着舞步向前移动{0}秒后返回原位，短时间内大幅增加移动速度。 跳舞期间处于负面效果免疫状态并减少{12}承受伤害。舞曲终止时，与卡米洛碰撞1次的敌人承受{1}(+攻击力的{2})技能伤害。与卡米洛碰撞2次的敌人承受{3}(+攻击力的{4})技能伤害，并晕厥{7}秒。此外，卡米洛将根据和敌人碰撞的次数恢复{8}(+ 每次与敌人碰撞{10}，上限{9})的体力。 {11}秒期间最多可以重复使用2次。,无消耗 / 冷却80秒 卡米洛随着舞步向前移动并返回原位，短时间内大幅增加移动速度。 跳舞期间处于负面效果免疫状态并减少承受伤害。舞曲终止时，与卡米洛碰撞1次的敌人承受技能伤害。与卡米洛碰撞2次的敌人承受技能伤害并晕厥。此外，卡米洛将根据和敌人碰撞的次数按照比例恢复体力。 持续期间可以重复使用2次。,dak.gg api zh-CN + er-gamedata coefficient text
039-camilo-r-1039510,39,Camilo,卡米洛,Camilo,R,1039510,CamiloActive4_2,None,舞者魅力,3,false,false,0,,no_structured_extension_in_er-gamedata,,,er-gamedata zh-CN fallback
039-camilo-r-1039520,39,Camilo,卡米洛,Camilo,R,1039520,CamiloActive4_3,None,舞者魅力,3,false,false,0,,no_structured_extension_in_er-gamedata,,,er-gamedata zh-CN fallback
040-chloe-p-1040100,40,Chloe,克洛伊,Chloe,P,1040100,None,ChloePassive,人偶师,3,true,false,0,,no_structured_extension_in_er-gamedata,克洛伊可操控她的人偶妮娜对敌人进行攻击。克洛伊在进行2次以上普攻时，妮娜会攻击并给目标造成{8}(+妮娜攻击力的{18})的额外技能伤害。 妮娜体力值归0时，会消失一段时间后再次出现。 操纵 : [Alt]+[右键单击]可操控妮娜瞄准敌人或一个位置，指定克洛伊时，妮娜会跟随著克洛伊到指定的位置。另外，如果妮娜距离克洛伊过远时，可瞬间移动至克洛伊身边。 消失 & 复活 : 妮娜消失后会在{0}秒后以体力上限的{2}复活，复活后消耗克洛伊当前体力的{1}。,无消耗 克洛伊可操控她的人偶妮娜对敌人进行攻击。[Alt]+[右键单击]可对其进行操控，可操控妮娜瞄准敌人或一个位置，指定克洛伊时，妮娜会跟随著克洛伊到指定的位置。另外，如果妮娜距离克洛伊过远时，可瞬间移动至克洛伊身边。 妮娜体力值归0时，会消失一段时间后再次出现。 妮娜每次被动升级时将获得额外能力，将根据克洛伊的状态，获得攻击力、防御力、体力等部分能力上升。,dak.gg api zh-CN + er-gamedata coefficient text
040-chloe-p-1040150,40,Chloe,克洛伊,Chloe,P,1040150,None,NinaPassive,살아있는 마리오네트(니),1,false,false,0,,no_structured_extension_in_er-gamedata,,,er-gamedata zh-CN fallback
040-chloe-q-1040200,40,Chloe,克洛伊,Chloe,Q,1040200,ChloeActive1,None,攻击指令,5,true,false,0,,no_structured_extension_in_er-gamedata,克洛伊向妮娜下达攻击命令后，妮娜使用双刀刃腿攻击周围的敌人，造成{0}(+妮娜攻击力的{1})的技能伤害，并使敌人{5}秒间移动速度减少{4}。,无消耗 / 冷却5秒 克洛伊向妮娜下达攻击命令后，妮娜使用双刀刃腿攻击周围的敌人，造成技能伤害，并使敌人短时间移动速度减少。,dak.gg api zh-CN + er-gamedata coefficient text
040-chloe-q-1040250,40,Chloe,克洛伊,Chloe,Q,1040250,NinaActive1,None,공격명령(니),1,false,false,0,,no_structured_extension_in_er-gamedata,,,er-gamedata zh-CN fallback
040-chloe-w-1040300,40,Chloe,克洛伊,Chloe,W,1040300,ChloeActive2_1,None,木偶戏,5,true,false,0,,no_structured_extension_in_er-gamedata,克洛伊使用操纵线旋转着如刀刃般锋利的十字提线，每秒对范围内的敌人造成{0}(+攻击力的{12})的真实伤害，并降低敌人的移动速度{2}。操纵线再次旋转时，克洛伊可使用攻击指令(Q)与扯线傀儡(E) 技能。 再次使用 : 3秒内再次使用技能时， 可在指定的位置上插上十字提线并造成{3}(+攻击力的{4})的技能伤害，{5}秒间使敌人的移动速度减少{16}。此时，妮娜瞬间移动至十字提线的位置，使用锐利的双刀刃腿劈下造成{6}(+妮娜攻击力的{7})的技能伤害并{10}秒间将敌人悬空。妮娜的攻击结束后，十字提线将弹回克洛伊，再次捡起时，克洛伊{8}秒间移动速度增加{9}。,无消耗 / 冷却15秒 克洛伊使用操纵线旋转著如刀刃般锋利的十字提线，对范围内的敌人造成真实伤害，并降低其移动速度 。 操纵线再次旋转时，克洛伊可使用攻击指令(Q)与 扯线傀儡(E) 技能。 再次使用技能时， 可在指定的位置上插上十字提线并造成技能伤害，并暂时减缓敌人的移动速度。此时，妮娜瞬间移动至十字提线的位置，并使用锐利的双刀刃腿劈下，造成技能伤害及短时间将敌人悬空。 妮娜的攻击结束后，十字提线将弹回克洛伊，再次捡起时，克洛伊短时间移动速度增加。,dak.gg api zh-CN + er-gamedata coefficient text
040-chloe-w-1040310,40,Chloe,克洛伊,Chloe,W,1040310,ChloeActive2_2,None,木偶戏 - 操纵线,5,true,false,0,,no_structured_extension_in_er-gamedata,再次使用技能后朝指定的位置插入刀片，对敌人造成伤害的同时命令妮娜进行攻击。,再次使用技能后朝指定的位置插入刀片，对敌人造成伤害的同时命令妮娜进行攻击。,er-gamedata zh-CN fallback
040-chloe-w-1040350,40,Chloe,克洛伊,Chloe,W,1040350,NinaActive2,None,인형극(니),1,false,false,0,,no_structured_extension_in_er-gamedata,,,er-gamedata zh-CN fallback
040-chloe-e-1040400,40,Chloe,克洛伊,Chloe,E,1040400,ChloeActive3_1,None,扯线傀儡,5,true,false,0,,no_structured_extension_in_er-gamedata,使用技能朝指定方向快速移动，对路径上的敌人造成{0}(+攻击力的{1})的技能伤害。 再次使用时 : 1秒后再次使用技能，妮娜飞向克洛伊，刺伤路径上的敌人造成{2}(+妮娜攻击力的{3})的技能伤害，如果妮娜命中敌人，重置攻击指令(Q)技能的冷却时间。,无消耗 / 冷却14秒 使用技能时，克洛伊会快速向指定方向移动，对路径上的敌人造成技能伤害。再次使用技能时，妮娜飞向克洛伊，刺伤路径上的敌人造成技能伤害。如果妮娜命中敌人则攻击指令(Q)技能冷却重置。,dak.gg api zh-CN + er-gamedata coefficient text
040-chloe-e-1040410,40,Chloe,克洛伊,Chloe,E,1040410,ChloeActive3_2,None,扯线傀儡,5,true,false,0,,no_structured_extension_in_er-gamedata,妮娜飞向克洛伊，刺伤路径上的敌人造成技能伤害。如果妮娜命中敌人则攻击指令(Q)技能冷却将重置。,妮娜飞向克洛伊，刺伤路径上的敌人造成技能伤害。如果妮娜命中敌人则攻击指令(Q)技能冷却将重置。,er-gamedata zh-CN fallback
040-chloe-e-1040450,40,Chloe,克洛伊,Chloe,E,1040450,NinaActive3,None,퀼트리퍼(니),1,false,false,0,,no_structured_extension_in_er-gamedata,,,er-gamedata zh-CN fallback
040-chloe-r-1040500,40,Chloe,克洛伊,Chloe,R,1040500,ChloeActive4,None,生命共享,3,true,false,0,,no_structured_extension_in_er-gamedata,克洛伊与妮娜纯粹的情感再次升华，{0}秒间进入‘连结’状态。连结状态下，妮娜的攻击速度增加 {1}，移动速度增加{2}，同时木偶戏(W)与扯线傀儡(E)技能的冷却时间减少 {3} 。另外，当敌人碰触到两者的连结线时，每秒承受 {7} ~ {8}的 真实伤害 (接触越久承受伤害越大) 。 连结 : 连结状态下，克洛伊和妮娜其中一方受到伤害时，受袭者承受总伤害量的{5}，另一方承受总伤害量的{6}。 生命连结 : 连结状态下，克洛伊和妮娜不是同生就是共死，持续时间内只要有一方存活，任何致命伤都可以无视，需双方体力都消耗至尽才会死亡。,无消耗 / 冷却80秒 克洛伊与妮娜纯粹的情感再次升华，进入连结状态。连结状态下增加妮娜的攻击速度与移动速度，当敌人碰触到两者的连结线时，每秒承受一定真实伤害， 木偶戏(W)与扯线傀儡(E)技能的冷却时间减少。 连结状态下，克洛伊和妮娜其中一方受到伤害时，伤害量会分散至两者，连结状态下，克洛伊和妮娜不是同生就是共死，持续时间内只要有一方存活，任何致命伤都可以无视，需双方体力都消耗至尽才会死亡。,dak.gg api zh-CN + er-gamedata coefficient text
041-johann-p-1041100,41,Johann,约翰,Johann,P,1041100,None,JohannPassive,圣灵加护,3,true,false,0,,no_structured_extension_in_er-gamedata,基础效果 : 约翰负面效果抵御增加{0}。 因约翰技能受到体力恢复或护盾效果的队友负面效果抵御增加{2}，持续{1}秒。,无消耗 约翰负面效果抵御增加。 因约翰技能受到体力恢复或护盾效果的队友负面效果抵御增加。,dak.gg api zh-CN + er-gamedata coefficient text
041-johann-q-1041200,41,Johann,约翰,Johann,Q,1041200,JohannActive1_1,None,圣光召唤,5,true,false,0,,no_structured_extension_in_er-gamedata,约翰向指定方向发射光球，使路径上队友的体力恢复 {0}(+技能增幅{1})。达到射程上限或再次使用时，光球将爆炸并造成{2}(+技能增幅{3})技能伤害。 光球触碰神圣的香炉(W)即可强化。强化状态下，队友的体力可以恢复{4}(+技能增幅{5})，爆炸时造成{6}(+技能增幅{7})技能伤害，并使承受伤害的目标陷入束缚状态{8}秒。 光球爆炸返回到约翰身上并赋予相同的效果。,无消耗 / 冷却12秒 约翰向指定方向发射光球，恢复路径上队友的体力。光球达到射程上限或再次使用时，将爆炸并对敌人造成伤害。光球触碰神圣的香炉(W)即可强化。强化后的恢复量增加，爆炸时将对敌人施加束缚效果。,dak.gg api zh-CN + er-gamedata coefficient text
041-johann-q-1041210,41,Johann,约翰,Johann,Q,1041210,JohannActive1_2,None,圣光召唤,5,true,false,0,,no_structured_extension_in_er-gamedata,约翰向指定方向发射光球，使路径上队友的体力恢复 {0}(+技能增幅{1})。达到射程上限或再次使用时，光球将爆炸并造成{2}(+技能增幅{3})技能伤害。 光球触碰神圣的香炉(W)即可强化。强化状态下，队友的体力可以恢复{4}(+技能增幅{5})，爆炸时造成{6}(+技能增幅{7})技能伤害，并使承受伤害的目标陷入束缚状态{8}秒。 光球爆炸返回到约翰身上并赋予相同的效果。,约翰向指定方向发射光球，使路径上队友的体力恢复{0}达到射程上限或再次使用时，光球将爆炸并造成{1}技能伤害。 光球触碰神圣的香炉(W)即可强化。强化状态下，队友的体力可以恢复{2}，爆炸时造成{3}技能伤害，并使承受伤害的目标陷入束缚状态{4}秒。 光球爆炸返回到约翰身上并赋予相同的效果。,er-gamedata zh-CN fallback
041-johann-w-1041300,41,Johann,约翰,Johann,W,1041300,JohannActive2_1,JohannActive2Passive,神圣的香炉,5,true,false,0,,no_structured_extension_in_er-gamedata,在目标位置投放持续{0}秒神圣的香炉。身处香炉烟雾中的敌人移动速度减少{1}，队友攻击速度则增加{2}并额外获得{7}武器熟练度。在烟雾外也能维持{3}秒强化队友的效果。 神圣的香炉投放后可移动1次。,无消耗 / 冷却11秒 约翰在目标位置释放神圣的香炉。 身处香炉烟雾中的敌人移动速度减少，队友攻击速度增加并额外获得武器熟练度。 神圣的香炉投放后再次使用时可移动1次。,dak.gg api zh-CN + er-gamedata coefficient text
041-johann-w-1041310,41,Johann,约翰,Johann,W,1041310,JohannActive2_2,None,神圣的香炉,5,true,false,0,,no_structured_extension_in_er-gamedata,在目标位置投放持续{0}秒神圣的香炉。身处香炉烟雾中的敌人移动速度减少{1}，队友攻击速度则增加{2}并额外获得{7}熟练度。在烟雾外也能维持{3}秒强化队友的效果。强化队友的效果在烟雾外也能维持{3}秒。 神圣的香炉投放后可移动1次。,在目标位置投放持续{0}秒的神圣的香炉。身处香炉烟雾中的敌人移动速度减少{1}，队友攻击速度则增加{2}并额外获得{7}熟练度。在烟雾外也能维持{3}秒强化队友的效果。 神圣的香炉投放后可移动1次。,er-gamedata zh-CN fallback
041-johann-e-1041400,41,Johann,约翰,Johann,E,1041400,JohannActive3,None,指引的光芒,5,true,false,0,,no_structured_extension_in_er-gamedata,约翰赋予目标队友指引的光芒，移除队友的移动速度减少效果。 目标{0}秒间移动速度增加{1}(+技能增幅{2})，持续时间结束时给周围敌人造成{3}(+技能增幅 {4})的技能伤害。被赋予指引的光芒的目标触碰到神圣的香炉即可强化技能，{5}秒间获得护盾{6}(+技能增幅{7})，造成{8}(+技能增幅{9})的额外技能伤害。 盟友移向被赋予指引的光芒的目标时移动速度增加{10}(+技能增幅{11})。,无消耗 / 冷却20秒 约翰赋予目标队友指引的光芒，移除队友的移动速度减少效果。 目标暂时增加移动速度，持续时间结束时将对周围的敌人造成伤害。 被赋予指引的光芒的目标触碰到神圣的香炉即可强化技能、获得护盾，伤害量增加。 盟友移向被赋予指引的光芒的目标时移动速度增加。,dak.gg api zh-CN + er-gamedata coefficient text
041-johann-r-1041500,41,Johann,约翰,Johann,R,1041500,JohannActive4,None,救赎圣殿,3,true,false,0,,no_structured_extension_in_er-gamedata,约翰击退周围的敌人造成{0}(+技能增幅{8})的技能伤害，队友恢复{2}(+目标已失体力{3})的体力值。 之后{4}秒间在周围形成圣域，队友的防御力增加{5}，每秒恢复{6}(+技能增幅{10})体力。,无消耗 / 冷却90秒 约翰击退周围的敌人造成伤害，而队友根据目标已失体力按比例恢复体力值。 约翰在周围形成圣域，增加队友的防御力并恢复队友的体力。 约翰可以在使用技能期间移动。,dak.gg api zh-CN + er-gamedata coefficient text
042-bianca-p-1042100,42,Bianca,比安卡,Bianca,P,1042100,None,BiancaPassive,嗜血术,3,true,false,0,,no_structured_extension_in_er-gamedata,缓血 比安卡每隔一段时间使用普攻造成{6}(+技能增幅的{11})(+目标体力上限的{8})技能伤害。承受比安卡技能伤害的目标在{0}秒间减少{1}移动速度。 血袋 比安卡通过技能造成的伤害{2}，体力消耗值和承受伤害的{3}来累积血液。血液可累积至自身体力上限的{4}。非战斗状态下，比安卡每{9}秒消耗血液上限的{5}来恢复所消耗量的{10}体力。,无消耗 / 冷却9秒 缓血 比安卡每隔一段时间使用普攻造成技能伤害。承受比安卡技能伤害的目标减少移动速度。 血袋 比安卡通过技能造成的伤害和体力消耗值以及承受伤害来累积血液。血液的累积值与自身的体力上限成正比。比安卡在非战斗状态下通过消耗累积的血液来恢复体力。,dak.gg api zh-CN + er-gamedata coefficient text
042-bianca-q-1042200,42,Bianca,比安卡,Bianca,Q,1042200,BiancaActive1,None,血之枪,5,true,false,0,,no_structured_extension_in_er-gamedata,比安卡朝指定地点投射血之枪，命中的敌人承受{0}(+技能增幅的{6})技能伤害。血之枪在目标点形成圆形血滩，对第一个命中的敌人造成{2}(+技能增幅的{7})(+目标体力上限的{4})技能伤害后消失。处于缓血状态的目标被血之枪命中时，会被束缚{5}秒。,当前体力 4% / 冷却10秒 比安卡朝指定地点射出血之枪，命中的敌人承受技能伤害。血之枪在目标点形成圆形血滩，对第一个命中的敌人造成额外伤害后消失。处于缓血的目标被血之枪命中时陷入束缚。,dak.gg api zh-CN + er-gamedata coefficient text
042-bianca-w-1042300,42,Bianca,比安卡,Bianca,W,1042300,BiancaActive2_1,None,安息,5,true,false,0,,no_structured_extension_in_er-gamedata,被动 : 血液累积上限达到{4}时，可以再次施法安息技能。 比安卡集中精力并暂时隐身于吸血鬼的棺材中，最多持续{0}秒。 身处棺材中的比安卡，承受伤害减少{1}，并且每{2}秒恢复体力上限{3}的体力。 安息技能在使用时如果血液累积量达到{4}以上，可消耗所有血液并根据血液消耗值按比例增加体力恢复量，每{5}秒所有技能冷却时间减少{6}秒(安息和武器技能除外)。,无消耗 / 冷却14秒 被动 : 血液达到50%累积上限时，可以再次施法安息技能。 比安卡集中精力并暂时躲进于吸血鬼的棺材中。 身处棺材中的比安卡减少承受伤害并持续恢复体力。 安息技能在使用时如果血液累积量达到50%以上，可消耗所有血液并根据血液消耗值增加体力恢复，并每隔一段时间减少除 安息及武器技能以外技能的冷却时间。 安息在使用中可以使用技能 血族女皇的契约和血循环，并不被敌人看见准备动作。,dak.gg api zh-CN + er-gamedata coefficient text
042-bianca-w-1042310,42,Bianca,比安卡,Bianca,W,1042310,BiancaActive2_2,None,安息,5,true,false,0,,no_structured_extension_in_er-gamedata,比安卡集中精力并暂时隐身于吸血鬼的棺材中，最多持续{0}秒。 身处棺材中的比安卡，承受伤害减少{1}，并且每{2}秒恢复体力上限{3}的体力。根据血液消耗值按比例增加体力恢复量，每{5}秒所有技能冷却时间减少{6}秒(安息和武器技能除外)。,比安卡集中精力并暂时隐身于吸血鬼的棺材中，最多持续{0}秒。 身处棺材中的比安卡，承受伤害减少{1}，并且每{2}秒恢复体力上限{3}的体力。根据血液消耗值按比例增加体力恢复量，每{5}秒所有技能冷却时间减少{6}秒(安息和武器技能除外)。,er-gamedata zh-CN fallback
042-bianca-e-1042400,42,Bianca,比安卡,Bianca,E,1042400,BiancaActive3,None,血循环,5,true,false,0,,no_structured_extension_in_er-gamedata,比安卡蓄力血环，并向前突进造成技能伤害。每蓄力{10}秒额外消耗当前体力的{11}，最多蓄力{0}秒，蓄力状态最长维持{1}秒。根据蓄力时间增加突进距离和伤害范围，伤害量增加至{4}(+技能增幅的{13})~{6}(+技能增幅的{14})。蓄力超过{0}秒时，恢复{8}(+技能增幅的{15})体力，命中多个敌人时，每个敌人额外增加{12}恢复量。,当前体力 2% / 冷却12秒 比安卡蓄力血环，并向前突进造成技能伤害。蓄力越久消耗的体力越多，并根据蓄力时间增加突进距离和伤害范围以及伤害量。蓄力达到上限的情况下，将根据命中目标数来恢复体力。,dak.gg api zh-CN + er-gamedata coefficient text
042-bianca-r-1042500,42,Bianca,比安卡,Bianca,R,1042500,BiancaActive4,None,血族女皇的契约,3,true,false,0,,no_structured_extension_in_er-gamedata,比安卡召唤血族的契约，施放血咒，在周围形成星芒血阵。血咒结束后，星芒血阵固定于地面，范围内的敌人承受{0}(+技能增幅的{13})(+目标体力上限的{2})技能伤害，{17}秒间移动速度减缓{3}。比安卡在星芒血阵上方时，吸血-所有伤害增加{4}。 星芒血阵持续时间结束时，根据范围内敌人的已失体力按比例造成{5}(+技能增幅的{14})~{7}(+技能增幅的{15})技能伤害，并恢复{9}(+技能增幅的{16})(+已失体力的{11})体力。命中多个敌人时，每个敌人额外增加{12}恢复量。,当前体力 8% / 冷却80秒 比安卡召唤吸血鬼中血族的契约，施放血咒，在周围形成星芒血阵。血咒结束后，星芒血阵将固定于地面，对范围内的敌人造成技能伤害，移动速度减缓。比安卡在星芒血阵上方时，增加吸血-所有伤害。 星芒血阵持续时间结束时，根据范围内敌人的已失体力按比例造成技能伤害，并恢复体力。 血族女皇的契约在使用中可以使用技能血循环。,dak.gg api zh-CN + er-gamedata coefficient text
043-celine-p-1043100,43,Celine,席琳,Celine,P,1043100,None,CelinePassive,炸弹专家,2,true,false,0,,no_structured_extension_in_er-gamedata,席琳使用{0}次技能，下一个普攻造成{5}(+技能增幅的{2})额外技能伤害。 席琳不受冷却缩减叠层影响，每1转换{3}技能增幅。 当前增加的技能增幅 : {4},无消耗 席琳使用3次技能时，下一个普攻造成额外技能伤害。 席琳的技能不受冷却缩减叠层的影响，并转换为技能增幅。,dak.gg api zh-CN + er-gamedata coefficient text
043-celine-q-1043200,43,Celine,席琳,Celine,Q,1043200,CelineActive1,None,等离子炸弹,5,true,false,0,,no_structured_extension_in_er-gamedata,席琳在目标位置设置等离子炸弹。使用技能引爆 触发炸弹，造成{0}(+技能增幅的{4})的技能伤害。炸弹命中多个对象时，从第二个起仅适用{5}伤害。 等离子炸弹设置上限为{3}颗，最多可以充能{2}次。 引爆或者超时后的炸弹变为空弹，可以使用于技能磁力融合。,无消耗 / 冷却7秒 席琳在目标位置设置等离子炸弹。使用技能引爆触发炸弹，范围内承受技能伤害。 引爆或者超时后的炸弹变为空弹，可以使用于技能磁力融合。 冷却固定: 此技能不受冷却缩减影响。,dak.gg api zh-CN + er-gamedata coefficient text
043-celine-q-1043210,43,Celine,席琳,Celine,Q,1043210,None,CelineSpecialBombPassive,특수폭탄 - 타이머/폭발,1,false,false,0,,no_structured_extension_in_er-gamedata,,,er-gamedata zh-CN fallback
043-celine-w-1043300,43,Celine,席琳,Celine,W,1043300,CelineActive2,None,引爆,5,true,false,0,,no_structured_extension_in_er-gamedata,席琳引爆设置于地面的等离子炸弹或磁力融合炸弹，命中敌人时，连接或融合起的每一颗炸弹都会减少{0}等离子炸弹 技能冷却时间。,无消耗 / 冷却0.1秒 席琳引爆设置于地面的等离子炸弹或磁力融合炸弹，命中敌人时，连接/融合起的每一颗炸弹都会减少等离子炸弹 技能冷却时间。 冷却固定: 此技能不受冷却缩减影响。,dak.gg api zh-CN + er-gamedata coefficient text
043-celine-e-1043400,43,Celine,席琳,Celine,E,1043400,CelineActive3,None,闪爆弹,5,true,false,0,,no_structured_extension_in_er-gamedata,席琳向目标位置投掷闪爆弹，击退范围内的敌人和自身，造成{0}(+技能增幅的{5})的技能伤害。,无消耗 / 冷却12秒 席琳向目标位置投掷闪爆弹，击退范围内的敌人和自身，并造成技能伤害。 冷却固定: 此技能不受冷却缩减影响。,dak.gg api zh-CN + er-gamedata coefficient text
043-celine-r-1043500,43,Celine,席琳,Celine,R,1043500,CelineActive4,None,磁力融合,5,true,false,0,,no_structured_extension_in_er-gamedata,席琳向目标所在位置设置一级的磁力融合，此后将附近的等离子炸弹和空弹结合在一起，最高可强化至四级。结合的炸弹每级适用{9}秒的冷却。(上限{10}秒) 持续时间结束或者因引爆技能触发炸弹时，造成{2}(+技能增幅的{8}) x (炸弹等级)的技能伤害。炸弹为4级时，命中的敌人在{6}秒间移动速度减缓{7}，减少的移动速度会随着时间慢慢恢复。,无消耗 / 冷却1.25秒 席琳向目标所在位置设置一级的磁力融合，此后将附近的等离子炸弹和空弹结合在一起，最高可强化至四级。结合的炸弹每级增加冷却。 持续时间结束或者因引爆技能触发炸弹时，造成技能伤害。4级的炸弹可以使命中敌人的移动速度减缓。 冷却固定: 此技能不受冷却缩减影响。,dak.gg api zh-CN + er-gamedata coefficient text
043-celine-r-1043520,43,Celine,席琳,Celine,R,1043520,CelineCombineBombActive4,None,합체폭탄 - 타이머/폭발,1,false,false,0,,no_structured_extension_in_er-gamedata,,,er-gamedata zh-CN fallback
044-echion-p-1044100,44,Echion,厄喀翁,Echion,P,1044100,None,EchionPassive,卡德摩斯的召唤,3,true,false,0,,no_structured_extension_in_er-gamedata,厄喀翁无法装备或解除武器，当卡德摩斯的召唤升级时，1秒内处于无法操作状态并强化武器。,无消耗 厄喀翁无法装备或解除武器，当卡德摩斯的召唤升级时，1秒内处于无法操作状态并强化武器。,dak.gg api zh-CN + er-gamedata coefficient text
044-echion-p-1044110,44,Echion,厄喀翁,Echion,P,1044110,EchionWeaponEvolution,None,VF机械臂 强化中,1,false,false,0,,no_structured_extension_in_er-gamedata,,,er-gamedata zh-CN fallback
044-echion-q-1044200,44,Echion,厄喀翁,Echion,Q,1044200,EchionActive1_1,None,毒蛇之刃,5,true,false,0,,no_structured_extension_in_er-gamedata,厄喀翁释放小范围的VF，造成{0}(+攻击力的{1})技能伤害。成功对目标敌人造成伤害时，可以在接下来的{3}秒内再次使用技能。 再次使用 : 释放大范围的VF，造成{4}(+攻击力的{5})技能伤害并减少目标的移动速度{7}，持续 {6}秒。 超负荷状态下无法释放VF。,无消耗 / 冷却6秒 厄喀翁释放小范围的 VF，对命中的敌人造成技能伤害。成功对目标敌人造成伤害时，可以在一定时间内再次使用技能。 再次使用 : 释放大范围的VF造成独有伤害并减少目标的移动速度。 超负荷状态下无法释放VF。,dak.gg api zh-CN + er-gamedata coefficient text
044-echion-q-1044210,44,Echion,厄喀翁,Echion,Q,1044210,EchionActive1_2,None,毒蛇之刃,5,true,false,0,,no_structured_extension_in_er-gamedata,厄喀翁释放小范围的VF，造成{0}(+攻击力的{1})技能伤害。成功对目标敌人造成伤害时，可以在接下来的{3}秒内再次使用技能。 再次使用 : 释放大范围的VF，造成{4}(+攻击力的{5})技能伤害并减少目标的移动速度{7}，持续 {6}秒。 超负荷状态下无法释放VF。,厄喀翁释放小范围的VF，造成{0}技能伤害。成功对目标敌人造成伤害时，可以在接下来的{2}秒内再次使用技能。 再次使用 : 释放大范围的VF，造成{3}技能伤害并减少目标的移动速度{5}，持续 {4}秒。 超负荷状态下无法释放VF。 VF值增加量 : {6} 使用时伤害增幅 : {7},er-gamedata zh-CN fallback
044-echion-w-1044300,44,Echion,厄喀翁,Echion,W,1044300,EchionActive2,EchionPassive2,龙鳞的逆袭,5,true,false,0,,no_structured_extension_in_er-gamedata,厄喀翁最多消耗{0}VF值来生成{1}(+攻击力的{2})护盾来保护自身。 根据VF消耗值的{3}增加护盾吸收。 护盾的伤害吸收量超过{4}以上时，恢复{5}VF消耗值。,无消耗 / 冷却10秒 厄喀翁可以通过消耗VF值来生成保护自己的护盾。 根据VF消耗值增加护盾吸收量。 护盾的伤害吸收量超过一定值时，可恢复VF消耗值。,dak.gg api zh-CN + er-gamedata coefficient text
044-echion-e-1044400,44,Echion,厄喀翁,Echion,E,1044400,EchionActive3,None,毒牙,5,true,false,0,,no_structured_extension_in_er-gamedata,朝指定的方向突进，对路径上的敌人造成{0}(+攻击力的{1})技能伤害，如果造成伤害的目标未被赋予标识，则重置冷却时间。最初被命中的目标被赋予{2}秒的牙印标识。 超负荷状态下减少突进距离。,无消耗 / 冷却16秒 朝指定的方向突进，对路径上的敌人造成技能伤害，如果造成伤害的目标未被标记，则重置冷却时间。最初被命中的目标被赋予一定时间的牙印标识。,dak.gg api zh-CN + er-gamedata coefficient text
044-echion-r-1044500,44,Echion,厄喀翁,Echion,R,1044500,EchionActive4,EchionPassive4,VF暴走[毒蛇],4,true,false,0,,no_structured_extension_in_er-gamedata,被动 : 厄喀翁使用毒蛇之刃(Q)、毒牙(E)时，将增加VF值，每1VF值将增加{0}技能伤害量。VF值蓄满时，厄喀翁将进入持续{2}秒的VF暴走状态，同时伤害增加值达到最大。 VF暴走 : 厄喀翁进入暴走状态、移动速度增加{3}，每{4}秒对周围敌人造成{5}(+攻击力{14})真实伤害，并能够使用蛇之震怒(R)。此外，将重置毒牙(E)冷却。 VF暴走状态下击杀敌人时，将延长{6}秒暴走持续时间且重置毒牙(E)冷却。 超负荷 : 暴走结束后，厄喀翁将进入持续{7}秒的超负荷状态，此时普攻射程减少{9}、且不会增加VF值。 蛇之震怒(R) : 厄喀翁向指定方向释放无法控制的VF，对敌人造成{10}(+攻击力{11})技能伤害。蛇之震怒对敌人实验体造成伤害时，暴走持续时间延长{12}秒。 每次使用普攻造成伤害时，蛇之震怒的冷却时间将减少{13}秒。,无消耗 被动 : 厄喀翁使用毒蛇之刃(Q)、毒牙(E)时，将增加VF值，同时根据VF值提升技能伤害。VF值蓄满时，厄喀翁将进入持续一段时间的VF暴走状态，同时伤害增加值达到最大。 VF暴走 : 厄喀翁进入暴走状态、移动速度增加，周期性地对周围敌人造成真实伤害，并能够使用蛇之震怒(R)。此外，将重置毒牙(E)冷却。 VF暴走状态下击杀敌人时，将延长暴走持续时间且重置毒牙(E)冷却。 超负荷 : 暴走结束后，厄喀翁将进入持续一段时间的超负荷状态，此时普攻射程减少、且不会增加VF值。 蛇之震怒(R) : 厄喀翁向指定方向释放无法控制的VF，对敌人造成技能伤害。蛇之震怒对敌人实验体造成伤害时，将延长暴走的持续时间。 每次使用普攻造成伤害时，将减少蛇之震怒的冷却时间。 蛇之震怒会根据当前使用武器的不同而变化。 冷却固定 : 不受冷却缩减影响。,dak.gg api zh-CN + er-gamedata coefficient text
044-echion-r-1044510,44,Echion,厄喀翁,Echion,R,1044510,EchionActive4_ViperAttack,EchionPassive4,蛇之震怒[毒蛇],4,true,false,0,,no_structured_extension_in_er-gamedata,朝指定的方向释放无法控制的VF能量造成{0}(+攻击力的{1})技能伤害。蛇之震怒对敌人实验体造成伤害时，暴走持续时间延长{2}秒。 每次使用普攻造成伤害时，缩减蛇之震怒的冷却{3}秒。,无消耗 / 冷却3.5秒 朝指定的方向释放无法控制的VF能量造成技能伤害。蛇之震怒对敌人实验体造成伤害时，将延长暴走持续时间。 每次使用普攻造成伤害时，将缩减蛇之震怒的冷却时间。,dak.gg api zh-CN + er-gamedata coefficient text
044-echion-r-1044520,44,Echion,厄喀翁,Echion,R,1044520,EchionActive4_BlackMambaAttack,EchionPassive4,蛇之震怒[黑曼巴蛇],4,true,false,0,,no_structured_extension_in_er-gamedata,朝指定的方向释放无法控制的VF能量造成{0}(+攻击力的{1})(+额外体力的{10})技能伤害。{2}秒后蛇之震怒再次生效，造成当前伤害量{3}的伤害，使目标悬空{4}秒。 蛇之震怒对敌人实验体造成伤害时，暴走持续时间延长{6}秒。 每次使用普攻造成伤害时，缩减蛇之震怒的冷却 {7}秒。,朝指定的方向释放无法控制的VF能量造成{0}技能伤害。{2}秒后蛇之震怒再次生效，造成当前伤害量{3}的伤害，使目标悬空{4}秒。 蛇之震怒对敌人实验体造成伤害时，暴走持续时间延长{6}秒。 每次使用普攻造成伤害时，缩减蛇之震怒的冷却 {7}秒。,er-gamedata zh-CN fallback
044-echion-r-1044530,44,Echion,厄喀翁,Echion,R,1044530,EchionActive4_DeathAdderAttack,EchionPassive4,蛇之震怒[南棘蛇],4,true,false,0,,no_structured_extension_in_er-gamedata,朝指定的方向释放无法控制的VF能量造成{0}(+攻击力的{1})技能伤害。蛇之震怒对敌人实验体造成伤害时，暴走持续时间延长{2}秒。 每次使用普攻造成伤害时，缩减蛇之震怒的冷却{3}秒。,朝指定的方向释放无法控制的VF能量造成{0}技能伤害。蛇之震怒对敌人实验体造成伤害时，暴走持续时间延长{2}秒。 每次使用普攻造成伤害时，缩减蛇之震怒的冷却{3}秒。,er-gamedata zh-CN fallback
044-echion-r-1044540,44,Echion,厄喀翁,Echion,R,1044540,EchionActive4_SideWinderAttack,EchionPassive4,蛇之震怒[响尾蛇],4,true,false,0,,no_structured_extension_in_er-gamedata,朝指定的方向释放无法控制的VF能量造成{0}(+额外攻击力的{1})技能伤害，{5}秒间移动速度减少{2}。蛇之震怒对敌人实验体造成伤害时，暴走持续时间延长{3}秒。 每次使用普攻造成伤害时，缩减蛇之震怒的冷却{4}秒。,朝指定的方向释放无法控制的VF能量造成{0}技能伤害，{5}秒间移动速度减少{2}。蛇之震怒对敌人实验体造成伤害时，暴走持续时间延长{3}秒。 每次使用普攻造成伤害时，缩减蛇之震怒的冷却{4}秒。,er-gamedata zh-CN fallback
045-mai-p-1045100,45,Mai,梅,Mai,P,1045100,None,MaiPassive,高级订制,3,true,false,0,,no_structured_extension_in_er-gamedata,梅在进行普攻时，造成{1}(+额外体力{0})的额外技能伤害。 梅可以为自己和队友强化传说及以上等级的胸部护甲装备，每达到{2}、{3}、{4}、级时可以强化一次，从{5}级时开始不限强化次数。可以右键单击为队友进行强化。,无消耗 梅在进行普攻时，根据额外体力造成额外技能伤害。 梅可以为自己和队友强化传说及以上等级的胸部护甲装备，可以右键单击为队友进行强化。,dak.gg api zh-CN + er-gamedata coefficient text
045-mai-q-1045200,45,Mai,梅,Mai,Q,1045200,MaiActive1,None,垂缀,5,true,false,0,,no_structured_extension_in_er-gamedata,梅展开披肩，对范围内的敌人造成{0}(+技能增幅{4})(+体力上限{11})技能伤害，并赋予{5}秒图案。 图案目标被垂缀再次命中时，{6}秒间移动速度减少{7}。,无消耗 / 冷却5秒 梅展开披肩，对范围内的敌人造成伤害并赋予图案。使用垂缀再次命中图案目标被时，被命中的目标移动速度减少。,dak.gg api zh-CN + er-gamedata coefficient text
045-mai-w-1045300,45,Mai,梅,Mai,W,1045300,MaiActive2,MaiActive2Passive,披肩面纱,5,true,false,0,,no_structured_extension_in_er-gamedata,梅用披肩包裹自己形成保护膜，{2}秒承受伤害减少{3}，移动速度逐渐增加、上限为{4}。持续时间结束时，对范围内的敌人造成{0}(+技能增幅{11})(+额外体力{12})的技能伤害。 充能上限为{5}次，每次普攻充能时间缩减{7}秒。,无消耗 / 冷却4秒(蓄能26秒) 梅用披肩包裹自己形成保护膜，短时间内降低承受伤害，同时逐渐增加移动速度。持续时间结束时，对范围内的敌人造成伤害。 最多充能2次，每次普攻缩减充能时间。,dak.gg api zh-CN + er-gamedata coefficient text
045-mai-e-1045400,45,Mai,梅,Mai,E,1045400,MaiActive3_1,MaiActive3Passive,时装秀,5,true,false,0,,no_structured_extension_in_er-gamedata,梅朝着指定的实验体、野生动物和监视器快速移动。对除监视器以外的目标使用时，可以获得持续{2}秒、{0}(+技能增幅{12})(+体力上限{1})的护盾；当目标为队友时，队友也可以获得同等的护盾。{9}秒内可以再次使用技能。 再次使用技能：梅朝着指定方向快速移动，对路径上的敌人造成{6}(+技能增幅{11})(+额外体力{13})技能伤害，并使敌人陷入持续{8}秒的挑衅。命中敌人时梅的攻击速度增加{23}，持续{24}秒。,无消耗 / 冷却18秒 梅朝着指定的实验体、野生动物和监视器快速移动。对除监视器以外的目标使用时，可以获得护盾；当目标为队友时，队友也可以获得同等的护盾。一段时间内可以再次使用技能。 再次使用技能：梅朝着指定方向快速移动，对路径上的敌人造成技能伤害，并使敌人陷入挑衅。命中敌人时梅的攻击速度增加。,dak.gg api zh-CN + er-gamedata coefficient text
045-mai-e-1045410,45,Mai,梅,Mai,E,1045410,MaiActive3_2,None,谢幕,5,false,false,0,,no_structured_extension_in_er-gamedata,,无消耗,dak.gg api zh-CN + er-gamedata coefficient text
045-mai-r-1045500,45,Mai,梅,Mai,R,1045500,MaiActive4,None,最佳造型,3,true,false,0,,no_structured_extension_in_er-gamedata,梅使用披肩绑住指定的队友或自身，{6}秒间不会承受任何的伤害，处于完全被压制的状态，解除束缚时恢复{7}(+技能增幅{12})(+目标失去体力{13})体力。 用于自身时激活披肩面纱效果；用于队友时，将目标拉向自己。,无消耗 / 冷却90秒 梅使用披肩绑住指定的队友或自身，在一段期间内不会承受任何的伤害，处于完全被压制的状态，解除束缚时恢复体力，用于自身时激活披肩面纱效果。 用于队友时，将目标拉向自己。,dak.gg api zh-CN + er-gamedata coefficient text
046-aiden-p-1046100,46,Aiden,艾登,Aiden,P,1046100,None,AidenPassive,超电荷,3,true,false,0,,no_structured_extension_in_er-gamedata,艾登使用技能命中敌人时，将获得电荷。 在电荷完全蓄能的状态下，如果周围没有敌人或者施法后闪时，艾登将在{4}秒间处于超电荷状态。此时电荷将转为子弹，普攻转为远程。 超电荷状态下普攻攻速减少{1}、暴击伤害减少{2}，但同时普攻也将转换为暴击，每1%暴击率转换为{3}暴击伤害。超电荷状态结束时，艾登的移动速度将在{5}秒间增加{6}。,无消耗 艾登使用技能命中敌人时，将获得电荷。 在电荷完全蓄能的状态下，如果周围没有敌人或者施法后闪时，艾登将处于超电荷状态。此时电荷将转为子弹，普攻转为远程。 超电荷攻击速度和暴击伤害减少，但同时普攻也将转换为暴击，并根据一定比例将暴击率转换为暴击伤害。超电荷状态结束时，暂时增加艾登的移动速度。,dak.gg api zh-CN + er-gamedata coefficient text
046-aiden-q-1046200,46,Aiden,艾登,Aiden,Q,1046200,AidenActive1_Spear,AidenActive1Passive,雷击,5,true,false,0,,no_structured_extension_in_er-gamedata,雷击 : 艾登释放一把电流剑，造成{0}(+攻击力{1})* (普攻增幅)的普攻伤害，额外获得{2}个电荷。每当艾登使用普攻命中时，雷击的冷却减少{3}秒。 超电荷状态下可以使用电子炮。 电子炮 : 向指定方向发射一枚子弹，对命中的敌人造成{4}(+攻击力{5})* (普攻增幅)普攻伤害，使其{6}秒间的移动速度减少{7}。此技能命中时冷却时间减少{9}。,无消耗 / 冷却5秒 雷击 : 艾登释放一把电流剑，造成普攻伤害，并额外获得电荷。每当艾登使用普攻命中时，缩减雷击冷却。 超电荷状态下可以使用电子炮。 电子炮 : 向指定方向发射一枚子弹，对命中的敌人造成普攻伤害，使其移动速度减缓。此技能命中时冷却时间减少。 冷却固定: 此技能不受冷却缩减影响。,dak.gg api zh-CN + er-gamedata coefficient text
046-aiden-q-1046210,46,Aiden,艾登,Aiden,Q,1046210,AidenActive1_ElectroGun,None,电子炮,5,true,false,0,,no_structured_extension_in_er-gamedata,雷击 : 艾登释放一把电流剑，对1名敌人造成{0}(+攻击力{1})* (普攻增幅)的普攻伤害，额外获得{2}个电荷。每当艾登使用普攻命中时，雷击的冷却减少{3}秒。 超电荷状态下可以使用电子炮。 电子炮 : 向指定方向发射一枚子弹，对命中的敌人造成{4}(+攻击力{5})* (普攻增幅)普攻伤害，使其{6}秒间的移动速度减少{7}。此技能命中时冷却时间减少{9}。,无消耗 / 冷却5秒,dak.gg api zh-CN + er-gamedata coefficient text
046-aiden-w-1046300,46,Aiden,艾登,Aiden,W,1046300,AidenActive2,None,极电释放,5,true,false,0,,no_structured_extension_in_er-gamedata,艾登集聚电流于武器上，准备下一个攻击，此时移动速度将有所减缓。再次施法时，周围的敌人根据蓄能时间承受{0}(+攻击力的{1})~{2}(+攻击力的{3})技能伤害，移动速度在{4}秒间减少{5}。蓄能至上限时，将生成维持{6}秒的电磁场。 电磁场: 接触到电磁场的敌人承受{7}(+攻击力的{8})技能伤害，并陷入束缚{9}秒。,无消耗 / 冷却15秒 艾登集聚电流于武器上，准备下一个攻击，此时移动速度将有所减缓。再次施法时，周围的敌人根据蓄能时间承受技能伤害，并减少移动速度。蓄能至上限时，将生成电磁场。 电磁场 : 接触到电磁场的敌人承受技能伤害并陷入束缚。,dak.gg api zh-CN + er-gamedata coefficient text
046-aiden-e-1046400,46,Aiden,艾登,Aiden,E,1046400,AidenActive3_BackStep,AidenActive3Passive,后闪,5,true,false,0,,no_structured_extension_in_er-gamedata,被动: 电荷充满时，重置此技能的冷却。 后闪: 向后闪退并发射一枚电流子弹。给命中的敌人造成{0}(+攻击力的{1})技能伤害，留下可共享视野的标识并使用伏特闪移。使用后{2}秒间移动速度增加{3}。 伏特闪移: 穿透被赋予标识的敌人造成{4}(+攻击力的{5})技能伤害。,无消耗 / 冷却16秒 被动 : 电荷充满时，重置此技能的冷却。 后闪 : 向后闪退并发射一枚电流子弹。给命中的敌人造成技能伤害，留下可共享视野的标识并使用伏特闪移。使用后暂时增加移动速度。 伏特闪移 : 穿透被赋予标识的敌人造成技能伤害。,dak.gg api zh-CN + er-gamedata coefficient text
046-aiden-e-1046410,46,Aiden,艾登,Aiden,E,1046410,AidenActive3_VoltRush,None,伏特闪移,5,true,false,0,,no_structured_extension_in_er-gamedata,被动: 电荷充满时，重置此技能的冷却。 后闪: 向后闪退并发射一枚电流子弹。给命中的敌人造成{0}(+攻击力的{1})技能伤害，留下可共享视野的标识并使用伏特闪移。使用后{2}秒间移动速度增加{3}。 伏特闪移: 穿透被赋予标识的敌人造成{4}(+攻击力的{5})技能伤害。,无消耗,dak.gg api zh-CN + er-gamedata coefficient text
046-aiden-r-1046500,46,Aiden,艾登,Aiden,R,1046500,AidenActive4,None,落雷,3,true,false,0,,no_structured_extension_in_er-gamedata,在指定的位置释放1枚落雷造成{0}(+攻击力的{1})技能伤害，并使敌人的移动速度在{2}秒间减少{3}。 处于落雷中心的敌人承受{4}(+攻击力的{5})技能伤害并晕厥{6}秒。 此后释放第2枚落雷造成{7}(+攻击力的{8})技能伤害，并使敌人的移动速度在{9}秒间减少{10}。 艾登可以在第2枚落雷落地前重新使用技能并传送至落雷击落的位置。此时，第2枚落雷将立即掉落。艾登在第一枚落雷命中敌人实验体后移动时，将充满电荷。,无消耗 / 冷却80秒 在指定的位置释放1枚落雷造成技能伤害，并减少敌人的移动速度。 处于落雷中心的敌人承受额外伤害并晕厥。 此后释放的第2枚落雷在造成技能伤害的同时减少敌人的移动速度。 艾登可以在第2枚落雷落地前重新使用技能并传送至落雷击落的位置。此时，第2枚落雷将立即掉落。艾登在第一枚落雷命中敌人实验体后移动时，将充满电荷。,dak.gg api zh-CN + er-gamedata coefficient text
046-aiden-r-1046510,46,Aiden,艾登,Aiden,R,1046510,AidenActive4Warp,None,落雷 - 移动,3,true,false,0,,no_structured_extension_in_er-gamedata,在指定的位置释放1枚落雷造成{0}(+攻击力的{1})技能伤害，并使敌人的移动速度在{2}秒间减少{3}。 处于落雷中心的敌人承受{4}(+攻击力的{5})技能伤害并晕厥{6}秒。 此后释放第2枚落雷造成{7}(+攻击力的{8})技能伤害，并使敌人的移动速度在{9}秒间减少{10}。 艾登可以在第2枚落雷落地前重新使用技能并传送至落雷击落的位置。此时，第2枚落雷将立即掉落。艾登在第一枚落雷命中敌人实验体后移动时，将充满电荷。,在指定的位置释放1枚落雷造成{20}技能伤害，并使敌人的移动速度在{2}秒间减少{3}。 处于落雷中心的敌人承受{21}技能伤害并晕厥{6}秒。 此后释放第2枚落雷造成{22}技能伤害，并使敌人的移动速度在{9}秒间减少{10}。 艾登可以在第2枚落雷落地前重新使用技能并传送至落雷击落的位置。此时，第2枚落雷将立即掉落。艾登在第一枚落雷命中敌人实验体后移动时，将充满电荷。,er-gamedata zh-CN fallback
047-laura-p-1047100,47,Laura,劳拉,Laura,P,1047100,None,LauraPassive,怪盗,3,true,false,0,,no_structured_extension_in_er-gamedata,劳拉施法技能后，下一次普攻攻击速度增加{2}，同时对目标周围扇形区域范围内的敌人造成{0}(+技能增幅{1})的技能伤害。,无消耗 劳拉施法技能后，下一次普攻攻速增加，同时对目标周围扇形区域范围内的敌人造成技能伤害。,dak.gg api zh-CN + er-gamedata coefficient text
047-laura-p-1047110,47,Laura,劳拉,Laura,P,1047110,LauraPassiveAttack,None,네레아의 가르침,1,false,false,0,,no_structured_extension_in_er-gamedata,,,er-gamedata zh-CN fallback
047-laura-q-1047200,47,Laura,劳拉,Laura,Q,1047200,LauraActive1_1,None,荆棘噬痕,5,true,false,0,,no_structured_extension_in_er-gamedata,劳拉朝指定方向挥鞭，造成{1}(+技能增幅{2})技能伤害。命中时，可以在{0}秒内再次施法技能。 再次施法 : 劳拉向指定方向突进一小段距离。,无消耗 / 冷却4秒 劳拉朝指定方向挥鞭，造成技能伤害。命中时可以再次施法技能。 再次施法 : 劳拉向指定方向突进一小段距离。,dak.gg api zh-CN + er-gamedata coefficient text
047-laura-q-1047210,47,Laura,劳拉,Laura,Q,1047210,LauraActive1_2,None,荆棘噬痕,5,true,false,0,,no_structured_extension_in_er-gamedata,劳拉朝指定方向挥鞭，造成{1}(+技能增幅{2})的技能伤害。命中时，可以在{0}秒内再次施法技能。 再次施法 : 劳拉向指定方向突进一小段距离。,劳拉朝指定方向挥鞭，造成{20}技能伤害。命中时，可以在{0}秒内再次施法技能。 再次施法 : 劳拉向指定方向突进一小段距离。,er-gamedata zh-CN fallback
047-laura-w-1047300,47,Laura,劳拉,Laura,W,1047300,LauraActive2,None,预告函,5,true,false,0,,no_structured_extension_in_er-gamedata,劳拉朝指定的方向投掷预告函。预告函命中敌人时造成{3}(+技能增幅{4})技能伤害，敌人的移动速度减少{1}、持续{0}秒。命中的敌人将被标记为劳拉的偷取目标、持续{2}秒。每当劳拉使用普攻或独立技能对偷取目标造成伤害时，劳拉可以恢复{5}(+技能增幅{6})体力。,无消耗 / 冷却10秒 劳拉朝指定的方向投掷预告函。预告函命中敌人时将造成技能伤害，并使敌人的移动速度变缓。被命中的敌人在一段时间内将被标记为劳拉的偷取目标。每当劳拉使用普攻或独立技能对偷取目标造成伤害时，都可以恢复劳拉的体力。,dak.gg api zh-CN + er-gamedata coefficient text
047-laura-e-1047400,47,Laura,劳拉,Laura,E,1047400,LauraActive3_1,None,优雅的步伐,5,true,false,0,,no_structured_extension_in_er-gamedata,劳拉朝指定方向挥动长鞭。当鞭子撞击到墙壁时，劳拉可以突进至墙壁的位置。她可以在{0}秒内再次使用该技能。 再次施法 : 劳拉跳至指定位置，落地时对周围敌人造成{2}(+技能增幅{3})技能伤害并使敌人悬空{1}秒。,无消耗 / 冷却17秒 劳拉向指定方向挥动长鞭。当鞭子撞击到墙壁时，劳拉可以突进至墙壁的位置。此后，劳拉可以再次使用该技能。 再次施法 : 劳拉跳至指定位置，落地时对周围敌人造成技能伤害并使敌人悬空。,dak.gg api zh-CN + er-gamedata coefficient text
047-laura-e-1047410,47,Laura,劳拉,Laura,E,1047410,LauraActive3_2,None,优雅的步伐,5,true,false,0,,no_structured_extension_in_er-gamedata,劳拉朝指定方向挥动长鞭。当鞭子撞击到墙壁时，劳拉可以突进至墙壁的位置。她可以在{0}秒内再次使用该技能。 再次施法 : 劳拉跳至指定位置，落地时对周围敌人造成{2}(+技能增幅{3})技能伤害并使敌人悬空{1}秒。,劳拉朝指定方向挥动长鞭。当鞭子撞击到墙壁时，劳拉可以突进至墙壁的位置。她可以在{0}秒内再次使用该技能。 再次施法 : 劳拉跳至指定位置，落地时对周围敌人造成{20}技能伤害并使敌人悬空{1}秒。,er-gamedata zh-CN fallback
047-laura-r-1047500,47,Laura,劳拉,Laura,R,1047500,LauraActive4,None,幻影神偷,3,true,false,0,,no_structured_extension_in_er-gamedata,劳拉以魅惑的步伐对周围敌人实验体造成{1}(+技能增幅{2})技能伤害，并拉近敌人。 命中一位敌人实验体时，劳拉将获得能够吸收{3}(+技能增幅{4})伤害的护盾，护盾效果持续{11}秒，并在一段时间后对周围敌人造成{5}(+技能增幅{6})技能伤害。每额外命中一位敌人实验体时，护盾量增加{7}(+技能增幅{8})。（上限 : {0}名）,无消耗 / 冷却80秒 劳拉以魅惑的步伐对周围敌人实验体造成技能伤害，并拉近敌人。当命中敌人实验体时，劳拉将获得护盾，并在一段时间后对周围敌人造成技能伤害。每命中一位敌人实验体，都可以增加劳拉所获得的护盾量。,dak.gg api zh-CN + er-gamedata coefficient text
048-tia-p-1048100,48,Tia,蒂娅,Tia,P,1048100,None,TiaPassive,色彩缤纷,5,true,false,0,,no_structured_extension_in_er-gamedata,蒂娅使用笔触(Q)或者着色(E)，使敌人染上两种颜色，启动松鼠效果。 蒂娅的基本技能不受冷却缩减影响，每1冷却缩减增加{17}技能增幅。 松鼠发威 : 给敌人涂上黄色和红色颜料时启动松鼠发威效果，{0}秒间使敌人陷入沉默并给敌人造成{2}(+技能增幅的{22})技能伤害，伤害分{1}次应用。 幸运松鼠 : 给敌人涂上红色和蓝色颜料时启动幸运松鼠效果，恢复造成伤害量{27}的体力并在{9}秒间增加{10}移动速度后缓缓减少。给敌人造成相当于{6}(+技能增幅的{24})的技能伤害。 魔法松鼠 : 给敌人涂上蓝色和黄色颜料时启动魔法松鼠效果，给敌人造成{12}(+技能增幅的{26})的技能伤害并使敌人陷入束缚{15}秒。,无消耗 蒂娅使用笔触(Q)或着色(E)给敌人涂上2种颜色时启动松鼠效果。蒂娅的基本技能不受冷却缩减影响，根据冷却缩减数值增加成比例的技能增幅。 [松鼠发威] 给敌人涂上黄色和红色颜料时，启动松鼠发威效果暂时给敌人造成技能伤害并使敌人陷入沉默。 [幸运松鼠] 给敌人涂上红色和蓝色颜料时，启动幸运松鼠效果给敌人造成技能伤害的同时恢复体力并暂时提高移动速度。 [魔法松鼠] 给敌人涂上蓝色和黄色颜料时，启动魔法松鼠效果给敌人造成技能伤害并使敌人暂时陷入束缚。,dak.gg api zh-CN + er-gamedata coefficient text
048-tia-e-1048400,48,Tia,蒂娅,Tia,E,1048400,TiaActive1_1,None,笔触 - 黄色,5,true,false,0,,no_structured_extension_in_er-gamedata,蒂娅朝前方投掷黄色颜料，命中时对周围敌人造成{0}(+技能增幅{2})的技能伤害并涂上黄色颜料。颜料飞到射程末端或命中时呈扇形扩散，使敌人沾上黄色颜料。沾上黄色颜料时，{4}秒内敌人的移动速度减少{3}。,无消耗 / 冷却0.5秒 蒂娅不同颜色的颜料适用不同的技能。 黄色 : 蒂娅朝前方投掷黄色颜料，造成技能伤害并涂上黄色颜料。 染上黄色颜料的敌人移动速度有所减少。 红色 : 蒂娅横扫画笔，给命中的敌人造成技能伤害并涂上红色颜料。 染上红色颜料的敌人移动速度有所减少。 蓝色 : 蒂娅使用画笔给敌人一记重锤，造成技能伤害并在圆形范围内涂上蓝色颜料。 染上蓝色颜料的敌人移动速度减少。 冷却固定: 此技能不受冷却缩减影响。,dak.gg api zh-CN + er-gamedata coefficient text
048-tia-e-1048410,48,Tia,蒂娅,Tia,E,1048410,TiaActive1_2,None,笔触 - 红色,5,true,false,0,,no_structured_extension_in_er-gamedata,蒂娅横扫画笔给命中的敌人造成{0}(+技能增幅的{2})技能伤害，被笔头挥中的敌人将染上红色颜料。染上红色颜料的敌人在{4}秒间移动速度减少{3}。,蒂娅横扫画笔给命中的敌人造成{5}技能伤害，被笔头挥中的敌人将染上红色颜料。染上红色颜料的敌人在{4}秒间移动速度减少{3}。,er-gamedata zh-CN fallback
048-tia-e-1048420,48,Tia,蒂娅,Tia,E,1048420,TiaActive1_3,None,笔触 - 蓝色,5,true,false,0,,no_structured_extension_in_er-gamedata,蒂娅使用画笔给敌人一记重锤，造成{0}(+技能增幅的{3})技能伤害，画笔击中敌人头部时涂上蓝色颜料，{8}秒间移动速度减少{9}。在内围被命中的敌人承受{2}额外技能，{6}秒间移动速度减少{7}。,蒂娅使用画笔给敌人一记重锤，造成{5}技能伤害，画笔击中敌人头部时涂上蓝色颜料，{8}秒间移动速度减少{9}。在内围被命中的敌人承受{2}额外技能伤害，{6}秒间移动速度减少{7}。,er-gamedata zh-CN fallback
048-tia-r-1048500,48,Tia,蒂娅,Tia,R,1048500,TiaActive2_1,None,调色板 - 黄色,3,true,false,0,,no_structured_extension_in_er-gamedata,画笔颜色变更为红色。技能级别越高，调色板各颜色填充的时间就越短。,无消耗 / 冷却0.02秒 蒂娅切换画笔颜色。画笔的颜色按照黄色、红色和蓝色的顺序进行切换。 冷却固定: 此技能不受冷却缩减影响。,dak.gg api zh-CN + er-gamedata coefficient text
049-felix-p-1049100,49,Felix,费利克斯,Felix,P,1049100,None,FelixPassive,连结枪,3,true,false,0,,no_structured_extension_in_er-gamedata,费利克斯每次使用技能时，将在{7}秒内对目标敌人发起两次连续的攻击。第2次攻击造成攻击力的{0} * (普攻增幅)普攻伤害。 破风斩、疾风雷击、半月斩等基本技能的冷却共享并固定为{1}秒，最多可以连接使用3次。 连攻:连接下一个技能前普攻造成伤害时，增加连攻叠层，叠层上限为{3}。第三次连接时，消耗连攻叠层，每叠层缩减基本技能的冷却时间{2}秒，{4}秒间 每消耗1个叠层时，获得{5}(+攻击力的{6})护盾。适用第三次连接使用的效果。 共享冷却不受冷却缩减效果的影响。,无消耗 费利克斯每次使用技能时，将在一段时间内对目标敌人发起两次连续的攻击。 破风斩、疾风雷击、半月斩等基本技能的冷却共享，最多可以连接使用3次。 连攻 : 连接下一个技能前普攻造成伤害时，增加连攻叠层。第三次连接时，消耗连攻层数，根据消耗的叠层数获得成比的护盾。适用第三次连接使用的效果。 共享冷却不受冷却缩减效果的影响。,dak.gg api zh-CN + er-gamedata coefficient text
049-felix-q-1049200,49,Felix,费利克斯,Felix,Q,1049200,FelixActive1_1,None,破风斩,5,true,false,0,,no_structured_extension_in_er-gamedata,费利克斯突进并在目标位置挥动长枪，造成{0}(+攻击力的{1})技能伤害。破风斩最多可以重新施放2次，并增强最终施放效果。 最终施放: 造成{2}(+攻击力的{3})(+实验体级别 * {4})技能伤害并将敌人悬空{5}秒。 另外，每消耗1个连攻叠层额外造成{6}真实伤害并各增加敌人的悬空时间{7}秒。,无消耗 费利克斯突进并在目标位置挥动长枪，造成技能伤害。破风斩最多可以重新施放2次，并增强最终施放效果。 最终施放 : 造成技能伤害并将敌人悬空。另外，根据连攻叠层数额外造成真实伤害并增加敌人的悬空时间。 冷却固定: 此技能不受冷却缩减影响。,dak.gg api zh-CN + er-gamedata coefficient text
049-felix-q-1049210,49,Felix,费利克斯,Felix,Q,1049210,FelixActive1_2,None,破风斩,5,false,false,0,,no_structured_extension_in_er-gamedata,,,er-gamedata zh-CN fallback
049-felix-q-1049220,49,Felix,费利克斯,Felix,Q,1049220,FelixActive1_3,None,破风斩,5,false,false,0,,no_structured_extension_in_er-gamedata,,,er-gamedata zh-CN fallback
049-felix-q-1049230,49,Felix,费利克斯,Felix,Q,1049230,FelixActive1_4,None,破风斩,5,false,false,0,,no_structured_extension_in_er-gamedata,,,er-gamedata zh-CN fallback
049-felix-q-1049240,49,Felix,费利克斯,Felix,Q,1049240,FelixActive1_5,None,破风斩,5,false,false,0,,no_structured_extension_in_er-gamedata,,,er-gamedata zh-CN fallback
049-felix-w-1049300,49,Felix,费利克斯,Felix,W,1049300,FelixActive2_1,None,疾风雷击,5,true,false,0,,no_structured_extension_in_er-gamedata,费利克斯使用长枪刺向指定方向造成{0}(+攻击力的{1})技能伤害。疾风雷击最多可以重新施放2次，并增强最终施放效果。 最终施放: 造成{2}(+攻击力的{3})(+实验体级别 * {4})技能伤害并束缚位于近处的敌人{5}秒后突进。另外，每消耗1层连攻 增加束缚时间{6}。,无消耗 费利克斯使用长枪刺向指定方向造成技能伤害。疾风雷击最多可以重新施放2次，并增强最终施放效果。 最终施放 : 造成技能伤害并束缚位于近处的敌人后突进。另外，根据连攻叠层数增加束缚时间。 冷却固定: 此技能不受冷却缩减影响。,dak.gg api zh-CN + er-gamedata coefficient text
049-felix-w-1049310,49,Felix,费利克斯,Felix,W,1049310,FelixActive2_2,None,疾风雷击,5,false,false,0,,no_structured_extension_in_er-gamedata,,,er-gamedata zh-CN fallback
049-felix-w-1049320,49,Felix,费利克斯,Felix,W,1049320,FelixActive2_3,None,疾风雷击,5,false,false,0,,no_structured_extension_in_er-gamedata,,,er-gamedata zh-CN fallback
049-felix-w-1049330,49,Felix,费利克斯,Felix,W,1049330,FelixActive2_4,None,疾风雷击,5,false,false,0,,no_structured_extension_in_er-gamedata,,,er-gamedata zh-CN fallback
049-felix-w-1049340,49,Felix,费利克斯,Felix,W,1049340,FelixActive2_5,None,疾风雷击,5,false,false,0,,no_structured_extension_in_er-gamedata,,,er-gamedata zh-CN fallback
049-felix-e-1049400,49,Felix,费利克斯,Felix,E,1049400,FelixActive3_1,None,半月斩,5,true,false,0,,no_structured_extension_in_er-gamedata,费利克斯退后一步并将长枪扫向目标方向，造成{0}(+攻击力{1})技能伤害，并回避普攻。最终施放将适用其他效果。 最终施放 : 造成{2}(+攻击力{3})(+实验体等级 * {4})技能伤害，{8}秒内每消耗1个叠层，吸血 - 所有伤害增加{9}(+攻击力{10})。,无消耗 费利克斯退后一步并将长枪扫向目标方向，造成技能伤害，并回避普通攻击。最终施放将适用其他效果。 最终施放 : 造成更强的伤害，同时根据根据消耗的连攻叠层，增加吸血 - 所有伤害。 冷却固定 : 此技能不受冷却缩减影响。,dak.gg api zh-CN + er-gamedata coefficient text
049-felix-e-1049410,49,Felix,费利克斯,Felix,E,1049410,FelixActive3_2,None,半月斩,5,false,false,0,,no_structured_extension_in_er-gamedata,,,er-gamedata zh-CN fallback
049-felix-e-1049420,49,Felix,费利克斯,Felix,E,1049420,FelixActive3_3,None,半月斩,5,false,false,0,,no_structured_extension_in_er-gamedata,,,er-gamedata zh-CN fallback
049-felix-e-1049430,49,Felix,费利克斯,Felix,E,1049430,FelixActive3_4,None,半月斩,5,false,false,0,,no_structured_extension_in_er-gamedata,,,er-gamedata zh-CN fallback
049-felix-e-1049440,49,Felix,费利克斯,Felix,E,1049440,FelixActive3_5,None,半月斩,5,false,false,0,,no_structured_extension_in_er-gamedata,,,er-gamedata zh-CN fallback
049-felix-r-1049500,49,Felix,费利克斯,Felix,R,1049500,FelixActive4,None,雷龙一击,3,true,false,0,,no_structured_extension_in_er-gamedata,费利克斯蓄力于枪尖，向前突进并用力一刺，造成{0}(+攻击力的{1}) ~ {2}(+攻击力的{3})技能伤害。蓄力至上限时命中的目标晕厥{4}秒。 使用技能时增加{5}个连攻叠层。 蓄力期间可转变方向，突进时免疫所有负面效果。,无消耗 / 冷却60秒 费利克斯蓄力于枪尖，向前突进并用力一刺，造成技能伤害。蓄力至上限时命中的目标将陷入晕厥。 使用技能时增加连攻叠层。 蓄力期间可转变方向，突进时免疫所有负面效果。 冷却固定: 此技能不受冷却缩减影响。,dak.gg api zh-CN + er-gamedata coefficient text
050-elena-p-1050100,50,Elena,埃琳娜,Elena,P,1050100,None,ElenaPassive,女王的冰封领域,3,true,false,0,,no_structured_extension_in_er-gamedata,埃琳娜使用普攻或技能攻击敌人时会生成一个冰区，并对冰区上的敌人施加寒气效果。埃琳娜造成技能伤害时，目标的寒气值增加{8}。 寒气聚集期间，敌人的移动速度减少{0}，当寒气值达到{1}时，敌人将陷入冻结状态并晕厥{2}秒。 冻结 : 埃琳娜或其队友攻击处于冻结状态的敌人时，造成{3}(+技能增幅的{7})(+目标体力上限{6})的额外技能伤害并解除冻结状态。,无消耗 / 冷却8秒 埃琳娜用普攻或技能攻击敌人时会生成一个冰区并对冰区上的敌人施加寒气效果。埃琳娜造成技能伤害时，目标的寒气值增加。 寒气聚集期间，将减少敌人的移动速度和攻击速度，寒气值蓄满时，敌人暂时陷入晕厥并处于冻结状态。 冻结 : 埃琳娜或其队友攻击处于冻结状态的敌人时，将解除冻结状态。 解除冻结状态的目标，暂时不会受到寒气的影响。,dak.gg api zh-CN + er-gamedata coefficient text
050-elena-q-1050200,50,Elena,埃琳娜,Elena,Q,1050200,ElenaActive1,ElenaActive1Passive,极冰,5,true,false,0,,no_structured_extension_in_er-gamedata,埃琳娜给前方的敌人造成{0}(+技能增幅的{7})(+额外体力{1})技能伤害。一定时间后，冰层爆裂的同时将再次对同一区域造成{3}(+技能增幅的{8})(+额外体力{4})技能伤害并缩减{6}女王的冰封领域冷却时间。,无消耗 / 冷却8秒 埃琳娜给前方的敌人造成技能伤害。一定时间后，冰层爆裂时将再次对同一区域造成技能伤害，同时缩减女王的冰封领域(P)的冷却时间。,dak.gg api zh-CN + er-gamedata coefficient text
050-elena-w-1050300,50,Elena,埃琳娜,Elena,W,1050300,ElenaActive2,None,双旋击,5,true,false,0,,no_structured_extension_in_er-gamedata,埃琳娜朝指定的方向旋转，给路径上的敌人造成{0}(+技能增幅{9})(+额外体力{8})的技能伤害，使极冰冷却时间缩减{6}。 在冰区使用技能，双旋击冷却时间恢复{7}。,无消耗 / 冷却0.1秒(蓄能16秒) 埃琳娜朝指定的方向旋转，给路径上的敌人造成技能伤害，缩减极冰的冷却时间。技能最多可以使用2次。 在冰区使用技能时，可以恢复双旋击的冷却时间。,dak.gg api zh-CN + er-gamedata coefficient text
050-elena-e-1050400,50,Elena,埃琳娜,Elena,E,1050400,ElenaActive3,ElenaActive3Passive,飞燕,5,true,false,0,,no_structured_extension_in_er-gamedata,被动: 埃琳娜每秒获得冰步{6}。在冰区位置每秒获得冰步{7}，防御力增加{8}。 埃琳娜每秒消耗{3}冰步朝指定的方向滑行移动，对路径上的敌人造成{0}(+技能增幅{4})(+额外体力{1})的技能伤害。,无消耗 / 冷却5秒 被动: 埃琳娜每秒获得冰步。在冰区上时每秒获得冰步并增加防御力。 埃琳娜每秒消耗冰步朝指定的方向滑行移动，并生成持续一段时间的冰区。埃琳娜可以对路径上的敌人造成技能伤害。此效果仅适用一次。移动时可稍微变更方向。,dak.gg api zh-CN + er-gamedata coefficient text
050-elena-r-1050500,50,Elena,埃琳娜,Elena,R,1050500,ElenaActive4,None,霜心之舞,3,true,false,0,,no_structured_extension_in_er-gamedata,埃琳娜在指定区域生成冰区。在区域内围命中敌人时，造成{3}(+防御力的{4})(+技能增幅的{6})技能伤害，被涌出的寒冰刺到的敌人立即晕厥陷入冻结状态。对碰触到冰区的敌人造成{0}(+防御力的{1})(+技能增幅的{5})技能伤害。,无消耗 / 冷却80秒 埃琳娜在指定区域生成冰区。在区域内围命中敌人时造成技能伤害，被涌出的寒冰刺到的敌人会立即晕厥陷入冻结状态。形成的冰区对碰触到的敌人造成技能伤害。,dak.gg api zh-CN + er-gamedata coefficient text
051-priya-p-1051100,51,Priya,普里亚,Priya,P,1051100,None,PriyaPassive,大自然的呼唤,3,true,false,0,,no_structured_extension_in_er-gamedata,普里亚无法装备或解除头饰，只能靠增加大自然的呼唤级别来强化头饰。 普里亚使用绽放的旋律和音刃生成天女之花，{0}秒后天女之花将呈盛开状态。使用绽放的旋律或 音刃命中已盛开的天女之花激活效果，之后花朵将消失。 天女之花持续{1}秒，与普里亚保持一定距离后立即消失。在草丛中生成的天女之花可立即盛开。,无消耗 普里亚无法装备或解除头饰，只能靠增加大自然的呼唤级别来强化头饰。 普里亚使用绽放的旋律和音刃生成天女之花，天女之花将在一定时间后呈盛开状态。使用绽放的旋律或 音刃命中已盛开的天女之花激活效果，之后花朵将消失。 天女之花在与普里亚保持一定距离后立即消失。在草丛中生成的天女之花可立即盛开。,dak.gg api zh-CN + er-gamedata coefficient text
051-priya-q-1051200,51,Priya,普里亚,Priya,Q,1051200,PriyaActive1,None,绽放的旋律,5,true,false,0,,no_structured_extension_in_er-gamedata,普里亚为天女之花演奏，给范围内的敌人造成{0}(+技能增幅的{6})技能伤害并生成天女之花。如效果范围内已有天女之花，则不再叠加生成，并在激活盛开效果时，缩减充能时间{5}。 盛开效果 : 使用技能命中盛开的天女之花时，花瓣会向四周散落，给范围内的敌人造成{2}(+技能增幅的{7})技能伤害后击退敌人。,无消耗 / 冷却1秒(蓄能12秒) 普里亚为天女之花演奏，给范围内的敌人造成技能伤害并生成天女之花。如效果范围内已有天女之花，则不再叠加生成，并在激活盛开效果时缩减充能时间。 盛开效果 : 使用技能命中盛开的天女之花时，花瓣会向四周散落，给范围内的敌人造成技能伤害后将敌人击退。,dak.gg api zh-CN + er-gamedata coefficient text
051-priya-w-1051300,51,Priya,普里亚,Priya,W,1051300,PriyaActive2,PriyaPassive2,音刃,5,true,false,0,,no_structured_extension_in_er-gamedata,基本效果 : 普里亚位于自己生成的天女之花上时，移动速度在{4}秒间增加{5}，队友也在天女之花上时，移动速度增加{11}。 普里亚向前方发射穿透性的音波，命中的敌人承受{0}(+技能增幅的{10})技能伤害，同时{6}秒间移动速度减少{7}。使用技能后{9}秒内进行普攻会在敌人的脚下生成天女之花。 盛开效果 : 当技能击中盛开的天女之花时，赋予范围内的普里亚和所有队友实验体可吸收{2}(+技能增幅的{3})伤害的护盾，持续{8}秒。,无消耗 / 冷却12秒 基本效果 : 普里亚位于天女之花上时暂时增加移动速度，队友也可以获得此效果。 普里亚向前方发射穿透性的音波，命中的敌人承受技能伤害并减少移动速度。使用技能后进行普攻会在敌人的脚下生成天女之花。 盛开效果 : 当技能击中盛开的天女之花时，给范围内的普里亚和所有队友实验体赋予可吸收伤害的护盾效果。,dak.gg api zh-CN + er-gamedata coefficient text
051-priya-e-1051400,51,Priya,普里亚,Priya,E,1051400,PriyaActive3,None,禁忌之歌,5,true,false,0,,no_structured_extension_in_er-gamedata,普里亚连续演奏3次，给范围内的敌人各造成{0}(+技能增幅的{4})技能伤害。承受2次伤害的目标{2}秒间移动速度减少{5}，承受3次伤害的目标{3}秒间陷入束缚状态。 演奏期间移动速度增加{6}，可使用除万物之音外的所有技能。,无消耗 / 冷却11秒 普里亚连续演奏3次，分别给范围内的敌人造成技能伤害。承受2次伤害的目标移动速度减少，承受3次伤害的目标将被束缚。 演奏期间移动速度增加，可使用除万物之音外的所有技能。,dak.gg api zh-CN + er-gamedata coefficient text
051-priya-r-1051500,51,Priya,普里亚,Priya,R,1051500,PriyaActive4,None,万物之音,3,true,false,0,,no_structured_extension_in_er-gamedata,普里亚用自己的演奏唤醒世间万物，让万物之音回应并停留在自身周围，普里亚在最初的{4}秒内将处于无法阻止的状态，随后{10}秒无法使用技能和普攻、承受伤害量减少{7} 。 万物之音从普里亚所处位置逐渐扩散开来，造成{0}(+技能增幅的{8})技能伤害， 从外围开始依次向内围的敌人造成{2}(+技能增幅的{9})技能伤害并使敌人进入持续{6}秒的跳舞状态。 范围内的天女之花全部开花结果，获得果实的普里亚或队友立即恢复体力上限的{5}。,无消耗 / 冷却80秒 普里亚用自己的演奏唤醒世间万物，让万物之音回应并停留在自身周围，短时间内处于无法阻止的状态，无法使用技能和普攻，但承受伤害减少。 万物之音从普里亚所处位置逐渐扩散开来造成技能伤害， 从外围开始依次向内围的敌人造成技能伤害并使敌人进入跳舞状态。 范围内的天女之花全部开花结果，获得果实的普里亚或队友立即根据体力上限恢复部分体力。,dak.gg api zh-CN + er-gamedata coefficient text
052-adina-p-1052100,52,Adina,阿迪娜,Adina,P,1052100,None,AdinaPassive,观星,3,true,false,0,,no_structured_extension_in_er-gamedata,观星: 阿迪娜施法时消耗当前水晶球中的天体符号，并根据所消耗的符号适用不同的效果。消耗所有符号时，进入观星状态，{0}秒间移动速度增加{1}%(+技能增幅的{2})。,无消耗 阿迪娜施法时消耗当前水晶球中(体力条下方第二格)的天体符号。 当阿迪娜消耗所有符号时，进入观星状态， 增加移动速度。,dak.gg api zh-CN + er-gamedata coefficient text
052-adina-q-1052200,52,Adina,阿迪娜,Adina,Q,1052200,AdinaActive1,None,星芒万丈,5,true,false,0,,no_structured_extension_in_er-gamedata,阿迪娜向指定的方向发射天体，给命中的敌人造成{0}(+技能增幅的{7})技能伤害。 天体符号 太阳 : 伤害量增加{11}(+技能增幅的{12}) 月亮 : 单独击中1名敌人时，使敌人晕厥{2}秒。 星星 : 行星迅速飞过，在路径上留下星迹，碰触星迹的队友在{3}秒间增加移动速度{4}。 太阳连接效果 : 连接2个太阳符号时施法， 将发射巨型太阳造成{5}(+技能增幅的{8})技能伤害，{9}秒间造成目标体力上限{10}的持续伤害并燃烧敌人。,无消耗 / 冷却6秒 阿迪娜向指定的方向发射天体，给命中的敌人造成技能伤害。 天体符号 太阳 : 增加伤害量。 月亮 : 单独击中1名敌人时，使敌人晕厥。 星星 : 行星迅速飞过，在路径上留下星迹，碰触到星迹的队友增加移动速度。 太阳连接效果 : 连接2个太阳符号时施法， 发射巨型太阳给敌人造成更大伤害并燃烧敌人。,dak.gg api zh-CN + er-gamedata coefficient text
052-adina-q-1052210,52,Adina,阿迪娜,Adina,Q,1052210,AdinaActive1ReinforceSun,None,星芒万丈－连接,5,false,false,0,,no_structured_extension_in_er-gamedata,,,er-gamedata zh-CN fallback
052-adina-w-1052300,52,Adina,阿迪娜,Adina,W,1052300,AdinaActive2,None,日月星界,5,true,false,0,,no_structured_extension_in_er-gamedata,阿迪娜在指定位置绘制连接天体的三角形结界。对命中的敌人造成{0}(+技能增幅的{10})技能伤害，并使敌人在{2}秒间移动速度减少{3}。 天体符号 太阳 : 伤害量增加{12}(+技能增幅的{13})。 月亮 : 命中的敌人晕厥{4}秒。 星星 : 快速绘制三角形，范围内的队友在{5}秒间获得{14}(+技能增幅的{15})的护盾。 月亮连接效果 : 连接2个月亮符号时施法，绘制2个三角形结界，各造成 {8}(+技能增幅的{11})技能伤害，第一个结界使目标晕厥{4}秒，第2个结界使目标的移动速度在 {6}秒间减少{7}。,无消耗 / 冷却9秒 阿迪娜在指定位置绘制连接天体的三角形结界。对命中的敌人造成技能伤害，并减少敌人的移动速度。 天体符号 太阳 : 增加伤害量。 月亮 : 命中的敌人晕厥。 星星 : 绘制速度加快，给予队友护盾。 月亮连接效果 : 连接2个月亮符号时施法，绘制2个三角形结界各造成伤害，第一个结界使敌人晕厥，第2个结界减缓敌人。,dak.gg api zh-CN + er-gamedata coefficient text
052-adina-w-1052310,52,Adina,阿迪娜,Adina,W,1052310,AdinaActive2ReinforceMoon,None,日月星界 - 连接,5,false,false,0,,no_structured_extension_in_er-gamedata,,,er-gamedata zh-CN fallback
052-adina-e-1052400,52,Adina,阿迪娜,Adina,E,1052400,AdinaActive3,None,星体陷落,5,true,false,0,,no_structured_extension_in_er-gamedata,阿迪娜使用天体标记目标，造成{0}(+技能增幅的{13})技能伤害。天体稍后降临在目标身上，造成 {0}(+技能增幅的{13})技能伤害。 天体符号 太阳 : 各伤害量增加{7}(+技能增幅的{16})。 月亮 : 范围内的敌人晕厥{4}秒。 星星 : 天体快速落下，给队友各恢复(伤害量的{9})体力。 星星连接效果 : 连接2个星星符号时施法，坠落的星星会留下星云，{10}秒内、每秒为队友恢复{11}(+技能增幅的{12})体力。,无消耗 / 冷却10秒 阿迪娜使用天体标记目标，造成技能伤害。天体稍后降临在目标身上。 天体符号 太阳 : 增加伤害量。 月亮 : 使范围内的敌人晕厥。 星星 : 天体快速落下，赋予队友体力恢复效果。 星星连接效果 : 连接2个星星符号时施法，坠落的星星会留下星云来恢复队友的体力。,dak.gg api zh-CN + er-gamedata coefficient text
052-adina-e-1052410,52,Adina,阿迪娜,Adina,E,1052410,AdinaActive3ReinforceStar,None,星体陷落 - 连接,5,false,false,0,,no_structured_extension_in_er-gamedata,,,er-gamedata zh-CN fallback
052-adina-r-1052500,52,Adina,阿迪娜,Adina,R,1052500,AdinaActive4,None,水晶球的预言,4,true,false,0,,no_structured_extension_in_er-gamedata,使用效果 : 水晶球的预言 阿迪娜将当前的符号和水晶球内(体力条下方第二格)的符号互换，改变预测的命运。 被动 : 连接第二格和第三格相同的天体时，可以使用更强大的连接技能。连接技能的部分效果可以用来释放更强大的技能。 太阳x2 : 星芒万丈(Q)技能强化，增加伤害量。 月亮x2 : 日月星界(W) 技能强化，增加伤害量。 星星x2 : 星体陷落(E)技能强化，增加持续恢复量。 每次观星(P)只能使用一次连接技能。,无消耗 / 冷却0.1秒 使用效果 : 水晶球的预言 阿迪娜将当前的符号和水晶球内(体力条下方第二格)的符号互换，改变预测的命运。 被动: 连接第二格和第三格相同的天体符号时，阿迪娜可以消耗2个天体符号来施放强大的连接技能。 太阳x2 : 星芒万丈(Q)技能强化，增加伤害量。 月亮x2 : 日月星界(W) 技能强化，增加伤害量。 星星x2 : 星体陷落(E)技能强化，增加持续恢复量。 每次观星(P)只能使用一次连接技能。 冷却固定: 此技能不受冷却缩减影响。,dak.gg api zh-CN + er-gamedata coefficient text
053-markus-p-1053100,53,Markus,马库斯,Markus,P,1053100,None,MarkusPassive,战斗的气息,3,true,false,0,,no_structured_extension_in_er-gamedata,冲击 : 被马库斯击退至撞墙的敌人将于{11}秒间陷入晕厥，且{9}秒间移动速度减少{10}，承受{1}(+目标体力上限的{3})技能伤害，并在{4}秒间陷入冲击状态。 被击退的敌人如果和其他野生动物或实验体发生碰撞，碰撞的所有目标将适用相同效果并被击退。 一击 : 当马库斯将{5}m内处于 冲击状态的敌人指定为普攻目标时，将以无法阻止的状态朝该敌人突进并造成{6}(+攻击力的{7})额外技能伤害，同时消除马库斯赋予的所有 冲击状态。,无消耗 冲击 : 被马库斯击退至撞墙的敌人将陷入短暂的晕厥，敌人的移动速度减少并承受技能伤害，同时进入冲击状态。 被击退的敌人如果和其他野生动物或实验体发生碰撞，碰撞的所有目标适用相同效果并被击退。 一击 : 当马库斯将一定距离内处于冲击状态的敌人指定为普攻目标时，将以无法阻止的状态朝该敌人突进，造成额外技能伤害的同时消除马库斯赋予的所有冲击状态。,dak.gg api zh-CN + er-gamedata coefficient text
053-markus-p-1053110,53,Markus,马库斯,Markus,P,1053110,MarkusPassiveAttack,None,전사의 투지 - 일격,1,false,false,0,,no_structured_extension_in_er-gamedata,,,er-gamedata zh-CN fallback
053-markus-q-1053200,53,Markus,马库斯,Markus,Q,1053200,MarkusActive1,None,胜利法则,5,true,false,0,,no_structured_extension_in_er-gamedata,马库斯在接下来的{0}次普攻期间，攻击速度增加{1}，普攻造成{6}(+额外体力{7})的额外技能伤害，并恢复相当于造成的额外技能伤害{8}的体力。{4}秒内未进行普攻，效果将消失。 在使用胜利法则技能后的{5}秒内移向敌方实验体时，移动速度增加{2}。,无消耗 / 冷却7秒 马库斯接下来的3次普攻期间攻击速度增加，普攻可造成额外技能伤害，并根据所造成的额外技能伤害恢复体力。一定时间内未进行普攻时，效果会消失。 使用胜利法则技能后，马库斯在短时间内移向敌方实验体时，移动速度增加。,dak.gg api zh-CN + er-gamedata coefficient text
053-markus-w-1053300,53,Markus,马库斯,Markus,W,1053300,MarkusActive2_1,None,毁击,5,true,false,0,,no_structured_extension_in_er-gamedata,马库斯朝指定的方向用力挥砍向地面，给敌人造成{0}(+攻击力的{1})(+额外体力{6})技能伤害并使敌人悬空{2}秒。命中龟裂 范围内的敌人时，所有命中的敌人将被抛向马库斯身后{4}m远的位置。,无消耗 / 冷却13秒 马库斯朝指定的方向用力挥砍向地面，给敌人造成技能伤害并使敌人悬空。 命中龟裂 范围内的敌人时，所有命中的敌人将被抛向马库斯身后位置。,dak.gg api zh-CN + er-gamedata coefficient text
053-markus-e-1053400,53,Markus,马库斯,Markus,E,1053400,MarkusActive3_1,None,进击的战士,5,true,false,0,,no_structured_extension_in_er-gamedata,马库斯朝指定的方向突进{0}m。与敌人发生碰撞时停止，给该敌人造成{1}(+攻击力的{2})技能伤害并将敌人推离{3}m。,无消耗 / 冷却12秒 马库斯朝指定的方向突进。与敌人发生碰撞时停止，给该敌人造成技能伤害并将敌人推离。,dak.gg api zh-CN + er-gamedata coefficient text
053-markus-r-1053500,53,Markus,马库斯,Markus,R,1053500,MarkusActive4,None,诛天灭地,3,true,false,0,,no_structured_extension_in_er-gamedata,马库斯借助天地之力，用力挥砍向地面。在该范围形成持续{4}秒的龟裂区域，被命中的敌人承受{0}(+攻击力的{1})技能伤害，{8}秒内防御力减少{9}，且{2}秒间移动速度减少{3}后迅速恢复。 在龟裂区域被悬空或击退时，将承受冲击伤害并进入冲击状态。一个 龟裂区域仅适用一次效果。 赋予敌人冲击状态时诛天灭地的冷却时间减少{7}秒。,无消耗 / 冷却80秒 马库斯借助天地之力，用力挥砍向地面。在该范围形成龟裂区域，被命中的敌人承受技能伤害防御力减少，移动速度减少后迅速恢复。 在龟裂区域被悬空或击退时，将承受冲击伤害并进入冲击状态。一个 龟裂区域仅适用一次效果。 赋予敌人冲击状态时，减少诛天灭地的冷却时间。,dak.gg api zh-CN + er-gamedata coefficient text
054-karla-p-1054100,54,Karla,卡拉,Karla,P,1054100,None,KarlaPassive,水手的较量,3,true,false,0,,no_structured_extension_in_er-gamedata,卡拉攻击速度限制在{0}内，攻击速度每超出{1}，将增加{2}技能增幅。 卡拉在{3}秒内为蓄力条蓄能，未能蓄能的普攻将消耗部分蓄力条并造成{8}(+攻击力{9})(+技能增幅{10})的技能伤害。完全蓄能后的普攻将消耗全部的蓄力条并造成{4}(+攻击力的{7})(+技能增幅{5})(+目标体力上限{6})的技能伤害，{11}秒间移动速度减少{12}，并向地面安装未连接的鱼叉。,无消耗 卡拉有攻击速度上限的限制，超出的攻击速度将以一定比例转为技能增幅。 卡拉在一段时间内为蓄力条蓄能，未能蓄能的普攻将消耗部分蓄力条并造成技能伤害。完全蓄能后的普攻将消耗全部的蓄力条，造成强化的技能伤害且移动速度减缓，并向地面安装未连接的鱼叉。 卡拉的普攻不会自动发射。,dak.gg api zh-CN + er-gamedata coefficient text
054-karla-q-1054200,54,Karla,卡拉,Karla,Q,1054200,KarlaActive1,None,鱼叉穿刺,5,true,false,0,,no_structured_extension_in_er-gamedata,卡拉朝指定位置发射并安装鱼叉，对路径上的敌人造成攻击力的{1}普攻伤害。卡拉最多可以将自己和{2}个鱼叉进行连接，鱼叉可维持{4}秒并在卡拉远离鱼叉{3}m时自动断连。从第二个目标起造成 {6}伤害。 鱼叉穿刺的冷却和施法时间根据攻击速度(攻速上限{5})有所减少。,无消耗 / 冷却0.75秒 卡拉朝指定位置发射并安装鱼叉，对路径上的敌人造成普攻伤害。鱼叉可维持一段时间并在卡拉远离鱼叉一定距离时自动断连。 鱼叉穿刺的冷却根据攻击速度有所减少。 冷却固定: 此技能不受冷却缩减影响。,dak.gg api zh-CN + er-gamedata coefficient text
054-karla-w-1054300,54,Karla,卡拉,Karla,W,1054300,KarlaActive2,None,回收,5,true,false,0,,no_structured_extension_in_er-gamedata,卡拉回收已连接的鱼叉，回收的路径上对敌人造成{0}(+攻击力的{6})(+技能增幅的{1})+{7} = (暴击率{8})技能伤害，{2}秒间减少敌人的移动速度{3}。成功造成伤害时蓄力条填充{4}，并根据命中数缩减海员登陆的冷却{5}秒。,无消耗 / 冷却2.5秒 卡拉回收已连接的鱼叉，回收的路径上对敌人造成技能伤害并减少敌人的移动速度。 成功造成伤害时可以填充蓄力条，并根据命中数缩减海员登陆的冷却时间。 冷却固定: 此技能不受冷却缩减影响。,dak.gg api zh-CN + er-gamedata coefficient text
054-karla-e-1054400,54,Karla,卡拉,Karla,E,1054400,KarlaActive3,None,海员登陆,5,true,false,0,,no_structured_extension_in_er-gamedata,根据安装在地面上的鱼叉向指定方向跳跃，造成{0}(+攻击力的{2})(+技能增幅的{1})技能伤害。在断开的鱼叉上使用时重新连接鱼叉。,无消耗 / 冷却20秒 根据安装在地面上的鱼叉向指定方向跳跃，造成技能伤害。在断开的鱼叉上使用时重新连接鱼叉。,dak.gg api zh-CN + er-gamedata coefficient text
054-karla-r-1054500,54,Karla,卡拉,Karla,R,1054500,KarlaActive4,None,魂锁炼狱,3,true,false,0,,no_structured_extension_in_er-gamedata,在指定的位置安装巨型鱼叉，用锁链囚禁{0}m范围内的敌人，造成{1}(+攻击力的{8})(+技能增幅的{2})技能伤害并减少敌人的移动速度{3}。{4}秒后仍未摆脱锁链的敌人将被拉向巨型鱼叉，承受{5}(+攻击力的{9})(+技能增幅的{6})技能伤害并晕厥{7}秒。,无消耗 / 冷却80秒 在指定的位置设置巨型鱼叉，用锁链囚禁范围内的敌人，造成技能伤害的同时减少敌人的移动速度。一定时间内未摆脱锁链的敌人将被拉向巨型鱼叉，承受技能伤害并暂时陷入晕厥。,dak.gg api zh-CN + er-gamedata coefficient text
055-estelle-p-1055100,55,Estelle,艾丝蒂尔,Estelle,P,1055100,None,EstellePassive,使命召唤,3,true,false,0,,no_structured_extension_in_er-gamedata,基本效果 : 艾丝蒂尔每{0}秒可以使自身体力恢复体力上限{1}(+技能增幅{2})。 艾丝蒂尔可以加快{3}秒复活时间。复活后队友可以额外恢复{4}(+技能增幅{5})的体力。,无消耗 艾丝蒂尔每隔一段时间可以恢复自身体力。能够缩短复活濒死队友的时间，额外恢复体力。,dak.gg api zh-CN + er-gamedata coefficient text
055-estelle-q-1055220,55,Estelle,艾丝蒂尔,Estelle,Q,1055220,EstelleActive1,None,镇压,5,true,false,0,,no_structured_extension_in_er-gamedata,艾丝蒂尔强化盾牌，下一个普攻造成{0}(+技能增幅的{2})(+体力上限的{1})的额外技能伤害，使敌人晕厥{3}秒。,强化盾牌，下一个普攻造成{1}额外技能伤害，使敌人晕厥{2}秒。,er-gamedata zh-CN fallback
055-estelle-q-1055230,55,Estelle,艾丝蒂尔,Estelle,Q,1055230,EstelleActive1NormalAttack,None,镇压,1,false,false,0,,no_structured_extension_in_er-gamedata,,,er-gamedata zh-CN fallback
055-estelle-w-1055300,55,Estelle,艾丝蒂尔,Estelle,W,1055300,EstelleActive2_1,None,临危应对,5,true,false,0,,no_structured_extension_in_er-gamedata,临危应对 : 艾丝蒂尔用盾牌击地，对前方区域造成{0}(+技能增幅的{2})(+目标体力上限{11})技能伤害并在{3}秒间减少{4}敌人的移动速度。减少的移动速度会逐渐恢复。 紧急灭火 : 在盾牌防御(E)期间使用紧急灭火，艾丝蒂尔可以在{5}秒间一边移动一边使用灭火器，范围内的敌人每{10}秒承受{6}(+技能增幅的{8})(+体力上限的{7})技能伤害，移动速度最多可减少至{9}。重新施法可以中断技能，然后再次使用技能可以关闭盾牌。,无消耗 / 冷却7秒 艾丝蒂尔用盾牌击地，可以对前方区域造成技能伤害并减少敌人的移动速度。在盾牌防御(E)期间使用紧急灭火，可以在一定时间内使用灭火器，给范围内的敌人造成技能伤害，每次命中时都会减少敌人的移动速度。,dak.gg api zh-CN + er-gamedata coefficient text
055-estelle-w-1055310,55,Estelle,艾丝蒂尔,Estelle,W,1055310,EstelleActive2_2,None,紧急灭火,5,false,false,0,,no_structured_extension_in_er-gamedata,,无消耗 / 冷却7秒,dak.gg api zh-CN + er-gamedata coefficient text
055-estelle-w-1055320,55,Estelle,艾丝蒂尔,Estelle,W,1055320,EstelleActive2_3,None,盾牌防御,5,true,false,0,,no_structured_extension_in_er-gamedata,立即解除盾牌防御状态。,立即解除盾牌防御状态。,er-gamedata zh-CN fallback
055-estelle-e-1055400,55,Estelle,艾丝蒂尔,Estelle,E,1055400,EstelleActive3_1,None,盾牌防御,5,true,false,0,,no_structured_extension_in_er-gamedata,盾牌防御 : 艾丝蒂尔展开消防盾，抵挡并消除敌人的投射体。{1}秒内可以在不承受伤害的情况下，阻挡敌人攻击，此后承受伤害减少{2}(+技能增幅{3})。突进后再次使用技能时，将解除防御状态。 盾牌冲锋 : 盾牌防御(E)期间使用技能，向前方突进，给冲撞的敌人造成{4}(+技能增幅的{6})(+体力上限的{5})技能伤害并将其击退。突进中艾丝蒂尔呈无法阻止的状态，可以立即摧毁如望远监视器等物体。突进中再次施法，可以停止突进。,无消耗 / 冷却16秒 艾丝蒂尔展开消防盾，抵挡并消除敌人的投射体。技能施放瞬间可以在不承受伤害的情况下，阻挡敌人攻击，此后将减少承受伤害。突进后再次使用技能时，将解除防御状态。盾牌防御(E)期间再次使用技能时，可以向前方突进，给敌人造成技能伤害并推离敌人。突进时艾丝蒂尔将进入无法阻止的状态，可以立即摧毁望远监视器等物体。,dak.gg api zh-CN + er-gamedata coefficient text
055-estelle-e-1055410,55,Estelle,艾丝蒂尔,Estelle,E,1055410,EstelleActive3_2,None,盾牌冲锋,5,false,false,0,,no_structured_extension_in_er-gamedata,,无消耗 / 冷却2秒,dak.gg api zh-CN + er-gamedata coefficient text
055-estelle-e-1055430,55,Estelle,艾丝蒂尔,Estelle,E,1055430,EstelleActive3_3,None,盾牌防御,5,false,false,0,,no_structured_extension_in_er-gamedata,,,er-gamedata zh-CN fallback
055-estelle-r-1055500,55,Estelle,艾丝蒂尔,Estelle,R,1055500,EstelleActive4,None,空中救援,3,true,false,0,,no_structured_extension_in_er-gamedata,用于自身 : {3}秒间赋予自身{0}(+技能增幅{1})(+已失体力{2})的护盾并请求空中支援。{4}秒后直升机将定位艾丝蒂尔的坐标并向该位置投下一枚水炸弹，在范围内造成{5}(+技能增幅{6})(+体力上限{7})的技能伤害，{8}秒间敌人的移动速度减少{9}。 用于队友 : 艾丝蒂尔在{13}秒间赋予队友{10}(+技能增幅{11})(+目标已失体力{12})的护盾，呼叫直升机支援的{14}秒后快速移动至队友位置，给范围内的敌人造成{15}(+技能增幅{16})(+体力上限{17})的技能伤害并使敌人悬空{18}秒。,无消耗 / 冷却80秒 艾丝蒂尔呼叫直升机在自身的位置投掷水炸弹，造成技能伤害的同时减少敌人的移动速度并赋予自身护盾效果。技能用于队友时，立即赋予队友护盾效果并乘直升机飞往队友所在位置，通过落地攻击给广域范围内的敌人造成技能伤害并将敌人暂时悬空。,dak.gg api zh-CN + er-gamedata coefficient text
056-piolo-p-1056100,56,Piolo,皮奥洛,Piolo,P,1056100,None,PioloPassive,锻炼狂,3,true,false,0,,no_structured_extension_in_er-gamedata,皮奥洛在非战斗状态下，将获得{1}个[锻炼成果]叠层。持续休息{2}秒以上时，在休息结束后额外获得{3}个叠层。持有[锻炼成果]下使用技能[惩戒者]，下一个普攻额外造成技能增幅的{4}的技能伤害。,无消耗 皮奥洛在非战斗状态下，将获得[锻炼成果]叠层。持续休息2秒以上时，在休息结束后额外获得叠层。在[锻炼成果]状态下使用[惩戒者]技能，下一个普攻可以造成额外的技能伤害。,dak.gg api zh-CN + er-gamedata coefficient text
056-piolo-p-1056110,56,Piolo,皮奥洛,Piolo,P,1056110,PioloPassiveAttack,None,피올로 응징자 공격,1,false,false,0,,no_structured_extension_in_er-gamedata,,,er-gamedata zh-CN fallback
056-piolo-q-1056200,56,Piolo,皮奥洛,Piolo,Q,1056200,PioloActive1_1,PioloActive1Passive,狂龙乱舞&下劈,5,true,false,0,,no_structured_extension_in_er-gamedata,狂龙乱舞 : 皮奥洛朝指定的方向高速挥舞双节棍，每0.12秒给范围内的敌人造成{0}(+技能增幅的{2})技能伤害并赋予敌人叠层。1、5、10叠层的目标承受{3}(+技能增幅的{5})强化的技能伤害。技能使用至持续时间结束或命中2次强化技能伤害时，激活下劈。 下劈 : 皮奥洛使用双节棍朝指定方向强有力的下劈，位于范围中心的敌人承受{6}(+技能增幅的{8})技能伤害，目标的移动速度在{9}秒间减少{10}。对外围敌人造成{11}(+技能增幅的{13})技能伤害。,无消耗 / 冷却9秒 狂龙乱舞: 皮奥洛朝指定的方向高速挥舞双节棍，给范围内的敌人造成持续技能伤害，每隔几次击打并造成强化的技能伤害。技能使用至持续时间结束或命中一定次数的强化伤害时，激活下劈。 下劈: 皮奥洛使用双节棍朝指定方向强有力的下劈，给敌人造成技能伤害。命中内围和外围的伤害量不同，内围被命中的敌人减少移动速度。,dak.gg api zh-CN + er-gamedata coefficient text
056-piolo-q-1056210,56,Piolo,皮奥洛,Piolo,Q,1056210,PioloActive1_2,PioloActive1Passive,狂龙乱舞&下劈,5,true,false,0,,no_structured_extension_in_er-gamedata,狂龙乱舞 : 皮奥洛朝指定的方向高速挥舞双节棍，每0.12秒给范围内的敌人造成{0}(+技能增幅的{2})技能伤害并赋予敌人叠层。1、5、10叠层的目标承受{3}(+技能增幅的{5})强化的技能伤害。技能使用至持续时间结束或命中2次强化技能伤害时，激活下劈。 下劈 : 皮奥洛使用双节棍朝指定方向强有力的下劈，位于范围中心的敌人承受{6}(+技能增幅的{8})技能伤害，目标的移动速度在{9}秒间减少{10}。对外围敌人造成{11}(+技能增幅的{13})技能伤害。,狂龙乱舞 : 皮奥洛朝指定的方向高速挥舞双节棍，每0.12秒给范围内的敌人造成{1}技能伤害并赋予敌人叠层。1、5、10叠层的目标承受{2}强化的技能伤害。技能使用至持续时间结束或命中2次强化技能伤害时，激活下劈。 下劈 : 皮奥洛使用双节棍朝指定方向强有力的下劈，对位于范围中心的敌人造成{3}的技能伤害，目标的移动速度每{4}秒间减少{5}%。 对外围的敌人造成{6}的技能伤害。,er-gamedata zh-CN fallback
056-piolo-w-1056300,56,Piolo,皮奥洛,Piolo,W,1056300,PioloActive2_1,None,流星赶月&翻转,5,true,false,0,,no_structured_extension_in_er-gamedata,流星赶月 : 皮奥洛在自身周围快速挥舞双节棍0.8秒，反弹所有投射体并进入无法阻止的状态。技能结束后激活翻转。 翻转 : 皮奥洛跳起并大力挥舞双节棍，给周围的敌人造成{0}(+技能增幅的{2})技能伤害。挥舞期间皮奥洛的移动速度增加{7}%。,无消耗 / 冷却12秒 流星赶月: 皮奥洛在自身周围快速挥舞双节棍，反弹所有投射体并进入无法阻止的状态。技能结束后激活翻转。 翻转: 皮奥洛跳起翻转并大力挥舞双节棍，给周围的敌人造成技能伤害。挥舞期间皮奥洛的移动速度有所增加。,dak.gg api zh-CN + er-gamedata coefficient text
056-piolo-w-1056310,56,Piolo,皮奥洛,Piolo,W,1056310,PioloActive2_2,None,流星赶月&翻转,5,true,false,0,,no_structured_extension_in_er-gamedata,流星赶月 : 皮奥洛在自身周围快速挥舞双节棍0.8秒，反弹所有投射体并进入无法阻止的状态。技能结束后激活翻转。 翻转 : 皮奥洛跳起并大力挥舞双节棍，给周围的敌人造成{0}(+技能增幅的{2})技能伤害。挥舞期间皮奥洛的移动速度增加{7}%。,流星赶月 : 皮奥洛在自身周围快速挥舞双节棍0.8秒，反弹所有投射体并进入免疫所有负面的状态。技能结束后激活翻转。 翻转 : 皮奥洛跳起并大力挥舞双节棍，给周围的敌人造成{8}技能伤害。挥舞期间皮奥洛的移动速度增加{7}%。,er-gamedata zh-CN fallback
056-piolo-e-1056400,56,Piolo,皮奥洛,Piolo,E,1056400,PioloActive3_1,None,白蛇吐信&上劈,5,true,false,0,,no_structured_extension_in_er-gamedata,白蛇吐信 : 皮奥洛转动双节棍准备投掷。根据准备时间的比例增加射程及伤害。再次施法向指定方向投掷双节棍，命中时造成{1}(+技能增幅的{3}) ~ {4}(+技能增幅的{6})的技能伤害，朝目标飞去造成{7}(+技能增幅的{9}) ~ {10}(+技能增幅的{12})的技能伤害并击退敌人，激活上劈。 上劈 : 皮奥洛使用双节棍朝指定的方向强有力的上劈，造成{13}(+技能增幅的{15})的技能伤害并将目标悬空{16}秒。,无消耗 / 冷却10秒 白蛇吐信 : 皮奥洛转动双节棍准备投掷。根据准备时间增加射程和伤害。再次施法向指定方向投掷双节棍，给敌人造成伤害，命中朝目标飞去，造成技能伤害并击退敌人。集中精神超过一定时间时可以额外获得元气值。 投射体命中敌人时激活上劈。 上劈 : 皮奥洛使用双节棍朝指定的方向强有力的上劈，造成技能伤害并将目标悬空。,dak.gg api zh-CN + er-gamedata coefficient text
056-piolo-e-1056410,56,Piolo,皮奥洛,Piolo,E,1056410,PioloActive3_2,None,白蛇吐信&上劈,5,true,false,0,,no_structured_extension_in_er-gamedata,白蛇吐信 : 皮奥洛转动双节棍准备投掷。根据准备时间的比例增加射程及伤害。再次施法向指定方向投掷双节棍，命中时造成{1}(+技能增幅的{3}) ~ {4}(+技能增幅的{6})的技能伤害，朝目标飞去造成{7}(+技能增幅的{9}) ~ {10}(+技能增幅的{12})的技能伤害并击退敌人，激活上劈。 上劈 : 皮奥洛使用双节棍朝指定的方向强有力的上劈，造成{13}(+技能增幅的{15})的技能伤害并将目标悬空{16}秒。,白蛇吐信 : 皮奥洛转动双节棍准备投掷。根据准备时间的比例增加射程及伤害。再次使用时，向指定方向投掷双节棍。命中造成{1} ~ {2}的技能伤害，朝目标飞去，造成{3} ~ {4}的技能伤害并击退敌人，激活上劈。 上劈 : 皮奥洛使用双节棍朝指定的方向强有力的上劈，造成{5}技能伤害并将目标悬空{6}秒。,er-gamedata zh-CN fallback
056-piolo-r-1056500,56,Piolo,皮奥洛,Piolo,R,1056500,PioloActive4_1,PioloActive4Passive,惩戒者,3,true,false,0,,no_structured_extension_in_er-gamedata,被动 : 每当激活下劈、翻转、上劈上劈时都可以获得1个[元气值]。非战斗状态下，每3秒消耗1个[元气值]。 使用1个[元气值]时，皮奥洛将向施法方向突进，给穿透的敌人造成 {0}(+技能增幅的{2})技能伤害。命中时皮奥洛将获得吸收{3}(+技能增幅{4})伤害的护盾，护盾持续{7}秒。 使用技能后进行普攻时，技能冷却时间减少{5}秒(武器技能和惩戒者除外)。持有[锻炼成果]时，攻击速度增加{6}。,"无消耗 / 冷却6秒 被动 : 每当激活下劈, 翻转, 上劈时都可以获得1个[元气值]。非战斗状态持续一段时间后，[元气值]将会消失。 使用[元气值]时，皮奥洛将向施法方向突进，对穿透的敌人造成技能伤害。命中时皮奥洛将获得护盾。使用技能后进行普攻时，将缩减技能冷却时间(武器技能和惩戒者除外)。持有[锻炼成果]时，增加攻击速度。",dak.gg api zh-CN + er-gamedata coefficient text
057-martina-p-1057100,57,Martina,玛蒂娜,Martina,P,1057100,None,MartinaPassive,播放,3,true,false,0,,no_structured_extension_in_er-gamedata,组合望远监视器和 树枝可以制作有潜行效果的潜行相机。 玛蒂娜的4K高清相机每次普攻都会造成(攻击力的{11}) * (普攻增幅)伤害并消耗电力，充满电之前无法发起普攻。 玛蒂娜的普攻可以获得目标的视野。攻击速度每增加1%，攻击力就会增加{3}。 [采访中] 作为战地记者，玛蒂娜在采访中时可以本能地识别交战领域。{1}m范围内敌方实验体间发生交战时，会在交战的地点标识特殊的Ping。 玛蒂娜使用普攻连续给敌人造成{4}次伤害将赋予敌人标识。使用技能命中被标识的敌人时，将消耗标识并给敌人造成{5}(+攻击力的{6})技能伤害。 [报道中] 普攻造成(攻击力{12}) * (普攻增幅)的伤害，使用技能命中被标识的敌人时，消耗标识并给敌人造成{7}(+攻击力的{8})技能伤害。,无消耗 玛蒂娜的4K高清相机每次普攻都会消耗电力，充满电之前无法执行普攻。 玛蒂娜的普攻可以获得目标的视野。每增加一定攻击速度时可以增加攻击力。 望远监视器和树枝可以制作有潜行效果的潜行相机。 [采访中] 作为战地记者，玛蒂娜在采访中时可以本能地识别交战领域。一定范围内敌方实验体间发生交战时，会在交战的地点标识特殊的标记。 玛蒂娜使用普攻连续给敌人造成伤害时可以赋予敌人标识。使用技能命中被标识的敌人时，可以消耗标识并给敌人造成技能伤害。 [报道中] 普攻和消耗标识时增加伤害量。,dak.gg api zh-CN + er-gamedata coefficient text
057-martina-p-1057110,57,Martina,玛蒂娜,Martina,P,1057110,None,MartinaPassiveReinforce,播放,3,true,false,0,,no_structured_extension_in_er-gamedata,组合望远监视器和 树枝可以制作有潜行效果的潜行相机。 玛蒂娜的4K高清相机每次普攻都会造成(攻击力的{11}) * (普攻增幅)伤害并消耗电力，充满电之前无法发起普攻。 充电所需时间 : {0}秒 玛蒂娜的普攻可以获得目标的视野。攻击速度每增加1%，攻击力就会增加{3}。 [采访中] 作为战地记者，玛蒂娜在采访中时可以本能地识别交战领域。{1}m范围内敌方实验体间发生交战时，会在交战的地点标识特殊的Ping。 玛蒂娜使用普攻连续给敌人造成{4}次伤害将赋予敌人标识。使用技能命中被标识的敌人时，将消耗标识并给敌人造成{5}(+攻击力的{6})技能伤害。 [报道中] 普攻造成(攻击力{12}) * (普攻增幅)的伤害，使用技能命中被标识的敌人时，消耗标识并给敌人造成{7}(+攻击力的{8})技能伤害。,组合望远监视器和树枝可以制作有潜行效果的潜行相机。 玛蒂娜的4K高清相机每次普攻都会造成{11}伤害并消耗电力，充满电之前无法执行普攻。 充电所需时间 : {0}秒 玛蒂娜的普攻可以获得目标的视野。攻击速度每增加 1%，攻击力就会增加{3}。 [采访中] 作为战地记者，玛蒂娜在采访中时可以本能地识别交战领域。{1}m范围内敌方实验体间发生交战时，会在交战的地点标识特殊的Ping。 玛蒂娜使用普攻连续给敌人造成{4}次伤害并赋予敌人标识。使用技能命中被标识的敌人时，可以消耗标识并给敌人造成{13}技能伤害。 [报道中] 普攻造成{12}伤害，使用技能命中被标识的敌人时，消耗标识并给敌人造成 {14}技能伤害。,er-gamedata zh-CN fallback
057-martina-q-1057200,57,Martina,玛蒂娜,Martina,Q,1057200,MartinaActive1,None,快进 - 采访中,5,true,false,0,,no_structured_extension_in_er-gamedata,[采访中] 玛蒂娜朝指定的方向拍摄造成{0}(+攻击力的{1})技能伤害。技能命中时缩减{2}冷却，技能消耗标识时可以使玛蒂娜的移动速度在{3}秒间增加{4}。 [报道中] 增加技能射程和伤害量，消耗标识可以增加移动速度和攻击速度。,无消耗 / 冷却7秒 [采访中] 玛蒂娜朝指定的方向拍摄造成技能伤害。技能命中时缩减冷却，技能消耗标识时可以增加玛蒂娜的移动速度。 [报道中] 增加技能射程和伤害量，消耗标识可以增加移动速度和攻击速度。,dak.gg api zh-CN + er-gamedata coefficient text
057-martina-q-1057210,57,Martina,玛蒂娜,Martina,Q,1057210,MartinaActive1Reinforce,None,快进 - 报道中,5,true,false,0,,no_structured_extension_in_er-gamedata,玛蒂娜朝指定的方向拍摄造成{0}(+攻击力的{1})技能伤害。技能命中时缩减{2}冷却，技能消耗标识可以使玛蒂娜的移动速度在{3}秒间增加{4}，攻击速度在{5}秒间增加{6}。,玛蒂娜朝指定的方向拍摄造成{8}技能伤害。技能命中时缩减{2}冷却，技能消耗标识可以使玛蒂娜的移动速度在{3}秒间增加{4}，攻击速度在{5}秒间增加{6}。,er-gamedata zh-CN fallback
057-martina-w-1057300,57,Martina,玛蒂娜,Martina,W,1057300,MartinaActive2,None,暂停 - 采访中,5,true,false,0,,no_structured_extension_in_er-gamedata,[采访中] 玛蒂娜设置一个维持{0}秒的微型相机来确保周围的视野。 使用快进技能命中微型相机时，相机会朝玛蒂娜的方向进行拍摄，给敌人造成{1}(+攻击力的{2})技能伤害，同时敌人的移动速度会在{3}秒间减少{4}。微型相机最多可以持有{5}个，一次最多可以设置{5}个。 [报道中] 微型相机拍摄会束缚敌人并增加相机持有和设置上限数。,无消耗 / 冷却1秒(蓄能14秒) [采访中] 玛蒂娜设置一个维持一定时间的微型相机来确保周围的视野。 使用快进技能命中微型相机时，相机会朝玛蒂娜的方向进行拍摄，给敌人造成技能伤害，同时减少敌人的移动速度。 [报道中] 微型相机拍摄会束缚敌人并增加相机持有和设置上限数。,dak.gg api zh-CN + er-gamedata coefficient text
057-martina-w-1057310,57,Martina,玛蒂娜,Martina,W,1057310,MartinaActive2Reinforce,None,暂停 - 报道中,5,true,false,0,,no_structured_extension_in_er-gamedata,玛蒂娜设置一个维持{0}秒的微型相机来确保周围的视野。 使用快进技能命中微型相机时，相机会朝玛蒂娜的方向进行拍摄，给敌人造成{7}(+攻击力的{8})技能伤害并束缚敌人{9}秒。微型相机最多可以持有{10}个，一次最多可以设置{10}个。微型相机范围内无法安装其他微型相机。,玛蒂娜设置一个维持{0}秒的微型相机来确保周围的视野。 使用快进技能命中微型相机时，相机会朝玛蒂娜的方向进行拍摄，给敌人造成{15}技能伤害并束缚敌人{9}秒。微型相机最多可以持有{10}个，一次最多可以设置{10}个。微型相机范围内无法安装其他微型相机。,er-gamedata zh-CN fallback
057-martina-w-1057320,57,Martina,玛蒂娜,Martina,W,1057320,MartinaActive2SummonAttack,None,W - 신호 발신기 공격,1,false,false,0,,no_structured_extension_in_er-gamedata,,,er-gamedata zh-CN fallback
057-martina-w-1057330,57,Martina,玛蒂娜,Martina,W,1057330,MartinaActive2ReinforceSummonAttack,None,W - 신호 발신기 공격 (강화),1,false,false,0,,no_structured_extension_in_er-gamedata,,,er-gamedata zh-CN fallback
057-martina-e-1057400,57,Martina,玛蒂娜,Martina,E,1057400,MartinaActive3_1,MartinaActive3Passive,倒带 - 采访中,5,true,false,0,,no_structured_extension_in_er-gamedata,[采访中] 玛蒂娜在她当前的位置留下一卷录像带，然后朝指定的方向跳跃。 跳跃后可维持长达7秒的倒带状态。倒带期间玛蒂娜的移动速度可以增加{0}。 结束倒带后，以免疫所有负面的状态快速返回至录像带，碰到的敌人移动速度在{3}秒间减少{4}。 再次施法: 加快返回至录像带。 [报道中] 在返回至录像带的期间碰到玛蒂娜的敌人将陷入晕厥，倒带期间根据来自实验体的承受伤害恢复部分体力。,无消耗 / 冷却17秒 [采访中] 玛蒂娜在她当前的位置留下一卷录像带，然后朝指定的方向跳跃。 跳跃后可维持长达7秒的倒带状态。倒带期间玛蒂娜的移动速度有所增加。 结束倒带后，以免疫所有负面的状态快速返回至录像带，碰到的敌人减少移动速度。 再次施法: 加快返回至录像带。 [报道中] 在返回至录像带的期间碰到玛蒂娜的敌人将陷入晕厥，倒带期间根据来自实验体的承受伤害恢复部分体力。,dak.gg api zh-CN + er-gamedata coefficient text
057-martina-e-1057410,57,Martina,玛蒂娜,Martina,E,1057410,MartinaActive3_2,None,倒带 - 采访中,5,true,false,0,,no_structured_extension_in_er-gamedata,玛蒂娜返回至录像带。,玛蒂娜返回至录像带。,er-gamedata zh-CN fallback
057-martina-e-1057420,57,Martina,玛蒂娜,Martina,E,1057420,MartinaActive3_Return,None,E - 되감기 이동,1,false,false,0,,no_structured_extension_in_er-gamedata,,,er-gamedata zh-CN fallback
057-martina-e-1057430,57,Martina,玛蒂娜,Martina,E,1057430,MartinaActive3_1Reinforce,MartinaActive3Passive,倒带 - 报道中,5,true,false,0,,no_structured_extension_in_er-gamedata,玛蒂娜在她当前的位置留下一卷录像带，朝指定方向逃跑。逃跑后可维持长达5秒的倒带状态。倒带期间玛蒂娜的移动速度增加{0}。 结束倒带后以免疫所有负面的状态快速返回至录像带，碰到的敌人承受{1}(+攻击力的{2})技能伤害并晕厥{3}秒。玛蒂娜在返回至录像带后的倒带期间根据来自实验体的承受伤害恢复{4}体力。 再次施法: 加快返回至录像带。,玛蒂娜在她当前的位置留下一卷录像带，朝指定方向逃跑。逃跑后可维持长达5秒的倒带状态。倒带期间玛蒂娜的移动速度增加{0}。 结束倒带后以免疫所有负面的状态快速返回至录像带，碰到的敌人承受{6}技能伤害并晕厥{3}秒。玛蒂娜在返回至录像带后的倒带期间根据来自实验体的承受伤害恢复{4}体力。 再次施法: 加快返回至录像带。,er-gamedata zh-CN fallback
057-martina-e-1057440,57,Martina,玛蒂娜,Martina,E,1057440,MartinaActive3_2Reinforce,None,倒带 - 报道中,5,true,false,0,,no_structured_extension_in_er-gamedata,玛蒂娜返回至录像带。,玛蒂娜返回至录像带。,er-gamedata zh-CN fallback
057-martina-e-1057450,57,Martina,玛蒂娜,Martina,E,1057450,MartinaActive3_ReturnReinforce,None,E - 되감기 이동 (강화),1,false,false,0,,no_structured_extension_in_er-gamedata,,,er-gamedata zh-CN fallback
057-martina-r-1057500,57,Martina,玛蒂娜,Martina,R,1057500,MartinaActive4,MartinaActive4Passive,录像 - 采访中,3,true,false,0,,no_structured_extension_in_er-gamedata,[采访中] 玛蒂娜朝指定方向拍摄，最长拍摄4秒。如果拍摄期间有目标进入拍摄范围内，录像持续时间移动速度增加。拍摄成功时根据目标获得录像叠层，同时{0}秒间移动速度增加{1}。 累积超过{3}个录像叠层时，玛蒂娜可以结束采访，开始报道并强化技能威力。 拍摄条件 : 拍摄目标中2个目标的拍摄时间超过{4}秒时，获得{5}个录像叠层和{6}武器熟练度。 拍摄尸体条件 : 拍摄目标中1个尸体的拍摄时间超过{10}秒时，获得{7}个录像叠层和{8}武器熟练度. (上限: {9}层，无法重复拍摄同一尸体) 拍摄目标 : 敌人实验体、生命树枝、陨石、阿尔法、奥米加、维克莱恩、伽玛 除生命树枝及陨石外，拍摄其他目标后{24}秒内无法再次拍摄。 [报道中] 玛蒂娜朝指定的方向进行拍摄并给敌人造成伤害。技能结束时造成更多伤害并使位于中间的敌人晕厥。,无消耗 / 冷却20秒 [采访中] 玛蒂娜朝指定方向拍摄。如果拍摄期间有目标进入拍摄范围内，录像持续时间移动速度增加。拍摄成功时根据目标获得录像叠层并增加移动速度。 累积超过一定量的录像叠层时，玛蒂娜可以结束采访并开始报道，由此强化技能威力。 拍摄条件 : 拍摄目标期间2个目标的拍摄时间超过一定时间时，获得2个录像叠层和武器熟练度。 拍摄尸体条件 : 拍摄目标期间1个尸体的拍摄时间超过一定时间时，获得1个录像叠层和武器熟练度。(有叠层上限，无法重复拍摄同一尸体) 拍摄目标 : 敌人实验体、生命树枝、陨石、阿尔法、奥米加、维克莱恩、伽玛 除生命树枝及陨石外，拍摄其他目标后一段时间内无法再次拍摄。 [报道中] 玛蒂娜朝指定的方向进行拍摄并给敌人造成伤害。技能结束时造成更大的伤害，并使位于中间的敌人陷入晕厥。,dak.gg api zh-CN + er-gamedata coefficient text
057-martina-r-1057510,57,Martina,玛蒂娜,Martina,R,1057510,MartinaActive4Reinforce,None,录像 - 报道中,3,true,false,0,,no_structured_extension_in_er-gamedata,玛蒂娜朝指定的方向进行拍摄，在1.5秒间给外围的敌人造成{0}(+攻击力{1})技能伤害，处于中心位置的敌人承受{2}(+攻击力{3})技能伤害。同时减少敌人的防御力{4}。 录像持续时间结束时给位于边缘的敌人造成{5}(+攻击力{6})的技能伤害，处于中心位置的敌人承受{7}(+攻击力{8})的技能伤害，陷入晕厥状态{9}秒。,玛蒂娜朝指定的方向进行拍摄，在1.5秒间给外围的敌人造成{20}技能伤害，处于中心位置的敌人承受{21}技能伤害。同时减少敌人的防御力{4}。 录像持续时间结束时给位于边缘的敌人造成{22}的技能伤害，处于中心位置的敌人承受{23}的技能伤害，陷入晕厥状态{9}秒。,er-gamedata zh-CN fallback
058-haze-p-1058100,58,Haze,海因茨,Haze,P,1058100,None,HazePassive,武器箱,3,true,false,0,,no_structured_extension_in_er-gamedata,商人之死 : 海因茨施法技能后，{0}秒内从武器箱中取出装满弹匣的突击步枪。虽然在拿出枪的期间不能发起普攻，但在这之后发起的首次普攻造成{20}(+技能增幅的{22})额外技能伤害，如果命中实验体还可以在{2}秒间增加{3}移动速度。商人之死 效果仅适用于突击步枪模式。 武器箱 : 海因茨的每个技能都会使用不同类型的武器，结束使用后从武器箱中拿出新的突击步枪并激活商人之死效果。,无消耗 商人之死 : 海因茨使用技能后，从武器箱中取出装满弹匣的突击步枪。虽然在拿出枪支的期间不能发起普攻，但在这之后发起的首次普攻可以造成额外技能伤害，如果命中实验体还可以增加移动速度。商人之死 效果仅适用于突击步枪模式。 武器箱: 海因茨的每个技能都会使用不同类型的武器，结束使用后从武器箱拿出新的突击步枪并开始启动 商人之死 效果。 海因茨不能手动填补弹药或在非战斗情况下自动填充弹药，即使变换武器，子弹数也会保持不变。,dak.gg api zh-CN + er-gamedata coefficient text
058-haze-p-1058110,58,Haze,海因茨,Haze,P,1058110,HazePassiveAttack,None,헤이즈 강화 공격,1,false,false,0,,no_structured_extension_in_er-gamedata,,,er-gamedata zh-CN fallback
058-haze-q-1058200,58,Haze,海因茨,Haze,Q,1058200,HazeActive1_1,None,40mm手榴弹,5,true,false,0,,no_structured_extension_in_er-gamedata,突击步枪模式: 引爆榴弹发射器，命中的敌人承受{20}(+技能增幅的{22})技能伤害。 最多可填充2个手榴弹。,无消耗 / 冷却2.5秒(蓄能10秒) 突击步枪模式: 引爆榴弹发射器，命中的敌人承受技能伤害。手榴弹最多可填充2个。,dak.gg api zh-CN + er-gamedata coefficient text
058-haze-q-1058210,58,Haze,海因茨,Haze,Q,1058210,HazeActive1_2,None,冲锋枪连发,5,true,false,0,,no_structured_extension_in_er-gamedata,冲锋枪模式: 使用冲锋枪在{0}秒间集中精力向前方发起连续射击， 造成{20}(+技能增幅的{22})(+每剩1个弹匣*技能增幅的{2})技能伤害并结束冲锋枪状态。,无消耗 冲锋枪模式: 在短时间内集中精力向前方发起连续射击，造成技能伤害并结束冲锋枪状态。根据剩余的弹药比例造成额外伤害。,dak.gg api zh-CN + er-gamedata coefficient text
058-haze-q-1058220,58,Haze,海因茨,Haze,Q,1058220,HazeActive1_3,None,火箭加速器,5,true,false,0,,no_structured_extension_in_er-gamedata,火箭发射器模式: 海因茨发射的加速火箭可以击穿敌人。命中的敌人承受{20}(+技能增幅的{22})技能伤害并在{2}秒间减少{3}移动速度，一半的伤害会同时扩散到目标的后方。火箭会随着时间的推移加速，扩散攻击范围的同时增加{1}伤害。 该技能共享普攻和冷却，不受冷却缩减的影响。,无消耗 / 冷却0.6秒 火箭发射器模式: 海因茨发射的加速火箭可以击穿敌人。命中的敌人承受技能伤害的同时减少移动速度，一半的伤害会同时扩散到目标的后方。火箭会随着时间的推移加速，扩散攻击范围的同时增加伤害。该技能共享普攻和冷却，不受冷却缩减的影响。,dak.gg api zh-CN + er-gamedata coefficient text
058-haze-w-1058300,58,Haze,海因茨,Haze,W,1058300,HazeActive2,None,霰弹炮,5,true,false,0,,no_structured_extension_in_er-gamedata,海因茨向后退一步并向前方发射霰弹炮，给命中的敌人造成{20}(+技能增幅的{22})技能伤害并使其晕厥{1}秒。 在冲锋枪 或 火箭发射器期间使用，将解除武器模式并缩减对应技能的冷却时间{2} 。,无消耗 / 冷却15秒 海因茨向后退一步并向前方发射霰弹炮，给命中的敌人造成技能伤害并使其晕厥。 在冲锋枪模式 或者 火箭发射器模式使用期间，解除武器模式并缩减对应技能的冷却时间。,dak.gg api zh-CN + er-gamedata coefficient text
058-haze-e-1058400,58,Haze,海因茨,Haze,E,1058400,HazeActive3_1,None,冲锋枪,5,true,false,0,,no_structured_extension_in_er-gamedata,转换冲锋枪模式: 稍微向前突进，转换为{0}发弹匣的冲锋枪模式，持续{8}秒。 在使用冲锋枪期间可以边移动边发起攻击并根据攻击指令变换攻击目标。每次攻击造成{20}(+每{22}技能增幅加1)技能伤害，每{5}发子弹普攻命中时适用该效果。模式持续期间制作、采集等部分行动有所限制，40mm 手榴弹将转换为冲锋枪连发技能。 冲锋枪模式结束后，根据剩余的弹药比例最多可缩减{6}冷却时间。,无消耗 / 冷却12秒 转换冲锋枪模式: 稍微向前突进，在持续时间内转换为40发弹匣的冲锋枪模式。 在使用冲锋枪期间可以边移动边发起攻击并根据攻击指令变换攻击目标。每次攻击在短时间内造成技能伤害，每5发子弹普攻命中时适用该效果。模式持续期间制作、采集等部分行动有所限制，40mm 手榴弹 将转换为 冲锋枪连发 技能。 冲锋枪模式结束后，根据剩余的弹药比例缩减冷却时间。,dak.gg api zh-CN + er-gamedata coefficient text
058-haze-e-1058410,58,Haze,海因茨,Haze,E,1058410,HazeActive3_2,None,冲锋枪 - 解除,5,true,false,0,,no_structured_extension_in_er-gamedata,海因茨丢掉冲锋枪，从武器箱中拿出突击步枪。 当前每击伤害量 : {20}(+每{22}技能增幅加1),海因茨丢掉冲锋枪，从武器箱中拿出突击步枪。 当前每击伤害量 : {20}(+每{22}技能增幅加1),er-gamedata zh-CN fallback
058-haze-e-1058420,58,Haze,海因茨,Haze,E,1058420,HazeActive3_AttackMount,None,헤이즈 E - 표적 기본 공격,1,false,false,0,,no_structured_extension_in_er-gamedata,,,er-gamedata zh-CN fallback
058-haze-r-1058500,58,Haze,海因茨,Haze,R,1058500,HazeActive4_1,None,火箭发射器,3,true,false,0,,no_structured_extension_in_er-gamedata,转换火箭发射器模式 : 海因茨挥动她的武器箱使敌人移动速度{3}秒间减少{4}，造成{23}(+技能增幅的{25})技能伤害， {0}秒间转换为{1}发弹匣的火箭发射器模式。 火箭发射器期间，射程和攻击速度都是固定的，移动速度减少{8}。普攻不适用暴击，伤害扩散至命中者后方时额外造成{20}(+技能增幅的{22})技能伤害。持续期间内40mm 手榴弹 将转换为火箭加速器技能。 火箭发射器模式结束时，根据剩余弹药的比例最大可减少{6}冷却时间。,无消耗 / 冷却30秒 转换火箭发射器模式:海因茨挥动她的武器箱使敌人移动速度减缓，并造成技能伤害，在持续时间内转换为 4 发弹匣的火箭发射器模式。 火箭发射器期间，射程和攻击速度固定并减少移动速度。普攻不适用于暴击，伤害扩散至后方时造成额外伤害。模式持续期间 40mm 手榴弹 将转换为火箭加速器 模式。 火箭发射器模式结束时，根据剩余弹药的比例减少冷却时间。,dak.gg api zh-CN + er-gamedata coefficient text
058-haze-r-1058510,58,Haze,海因茨,Haze,R,1058510,HazeActive4_2,None,火箭发射器 - 解除,3,true,false,0,,no_structured_extension_in_er-gamedata,解除火箭发射器状态，从武器箱中拿出突击步枪。 当前额外技能伤害 : {20}(+技能增幅的{22}),解除火箭发射器状态，从武器箱中拿出突击步枪。 当前额外技能伤害 : {5},er-gamedata zh-CN fallback
058-haze-r-1058520,58,Haze,海因茨,Haze,R,1058520,HazeActive4NormalAttackMount,None,헤이즈 R - 로켓 런처 총알,1,false,false,0,,no_structured_extension_in_er-gamedata,,,er-gamedata zh-CN fallback
059-isaac-p-1059100,59,Isaac,伊萨克,Isaac,P,1059100,None,IsaacPassive,管制,3,true,false,0,,no_structured_extension_in_er-gamedata,对同一敌人每发起{0}次攻击时，造成{1}(+攻击力的{2})的技能伤害，移动速度增加{5}并在{6}秒后复原。同时根据造成管制伤害量的{7}恢复伊萨克的体力。针对野生动物的恢复效果减少{9}。,无消耗 对同一敌人每发起3次攻击时，造成额外技能伤害，增加移动速度。同时根据造成管制伤害量恢复伊萨克的体力。,dak.gg api zh-CN + er-gamedata coefficient text
059-isaac-q-1059200,59,Isaac,伊萨克,Isaac,Q,1059200,IsaacActive1,IsaacActive1Passive,突袭行动,5,true,false,0,,no_structured_extension_in_er-gamedata,伊萨克向敌人突进，猛击造成{0}(+攻击力的{1})的技能伤害。,无消耗 / 冷却10秒 伊萨克向敌人突进后，猛击造成技能伤害。,dak.gg api zh-CN + er-gamedata coefficient text
059-isaac-w-1059300,59,Isaac,伊萨克,Isaac,W,1059300,IsaacActive2,None,武装硬化,5,true,false,0,,no_structured_extension_in_er-gamedata,伊萨克加强武器强度并强化下一个普攻或基本技能，造成{0}(+攻击力的{1})的额外技能伤害。因该技能强化的普攻或者基本技能触发管制时，基本技能的冷却时间减少{3}。,无消耗 / 冷却9秒 伊萨克加强武器并强化下一个普攻或者基本技能，造成额外的技能伤害。因该技能强化的普攻或者基本技能触发管制时，减少基本技能的冷却时间。,dak.gg api zh-CN + er-gamedata coefficient text
059-isaac-e-1059400,59,Isaac,伊萨克,Isaac,E,1059400,IsaacActive3_1,None,追击 / 扣押,5,true,false,0,,no_structured_extension_in_er-gamedata,伊萨克迅速突进，{0}秒间准备下一个技能。 再次使用时 : 将前方的敌人拉向自己并摧毁其护盾，造成{1}(+攻击力{2})的技能伤害，使敌人晕厥{4}秒。被拉过来的敌人{5}秒间防御力减少{6}。,无消耗 / 冷却15秒 伊萨克迅速突进，准备下一个技能。 再次使用时 : 将前方的敌人拉向自己、摧毁其护盾并造成技能伤害，使敌人暂时晕厥。被拉过来的敌人防御力减少。,dak.gg api zh-CN + er-gamedata coefficient text
059-isaac-e-1059410,59,Isaac,伊萨克,Isaac,E,1059410,IsaacActive3_2,None,追击 / 扣押,5,true,false,0,,no_structured_extension_in_er-gamedata,伊萨克迅速突进，{0}秒间准备下一个技能。 再次使用时 : 将前方的敌人拉向自己并摧毁其护盾，造成{1}(+攻击力{2})的技能伤害，使敌人晕厥{4}秒。被拉过来的敌人{5}秒间防御力减少{6}。,伊萨克迅速突进，{0}秒间准备下一个技能。 再次使用 : 将前方的敌人拉向自己，摧毁其护盾并造成{1}技能伤害并使敌人晕厥{2}秒。被拉过来的敌人{3}秒间防御力减少{4}。,er-gamedata zh-CN fallback
059-isaac-r-1059500,59,Isaac,伊萨克,Isaac,R,1059500,IsaacActive4,None,湮灭,3,true,false,0,,no_structured_extension_in_er-gamedata,伊萨克朝指定的方向猛击地面，造成{0}(+攻击力{1})的技能伤害，没有管制标识的敌人会被推出范围外。每个管制标识，可以造成目标已失体力{3}(+攻击力{4})的额外技能伤害，移动速度暂时减少{5}。,无消耗 / 冷却80秒 伊萨克朝指定的方向猛击地面并造成技能伤害，没有管制标识的敌人会被推出范围外。和管制标识的叠层量成比例，根据目标已失体力造成一定量的额外技能伤害，并暂时大幅减少移动速度。,dak.gg api zh-CN + er-gamedata coefficient text
060-tazia-p-1060100,60,Tazia,塔齐娅,Tazia,P,1060100,None,TaziaPassive,匠心工艺,3,true,false,0,,no_structured_extension_in_er-gamedata,匠心工艺 : 每当塔齐娅打破玻璃碎片时，会获得1个持续{0}秒的璃片叠层。获得4个璃片叠层时，生成玻璃剑。 毁弃 : 塔齐娅每隔一段时间使用普攻造成 {0}(+技能增幅的{2})的技能伤害。该技能命中之处会生成玻璃碎片。,无消耗 / 冷却13秒 匠心工艺 : 每当塔齐娅打破玻璃碎片时。会获得1个璃片叠层。获得4个璃片叠层时，生成玻璃剑。 毁弃 : 塔齐娅每隔一段时间使用普攻造成技能伤害。在此技能命中之处会生成玻璃碎片。,dak.gg api zh-CN + er-gamedata coefficient text
060-tazia-p-1060110,60,Tazia,塔齐娅,Tazia,P,1060110,TaziaPassiveNormalAttack,None,타지아 패시브 기본공격,1,false,false,0,,no_structured_extension_in_er-gamedata,,,er-gamedata zh-CN fallback
060-tazia-q-1060200,60,Tazia,塔齐娅,Tazia,Q,1060200,TaziaActive1_1,None,凌空碎,5,true,false,0,,no_structured_extension_in_er-gamedata,被动效果 : 塔齐娅每隔一段时间会生成玻璃刃。塔齐娅靠近玻璃碎片时会将其打破，并恢复{10}玻璃刃的蓄能时间。玻璃刃最多持有数为4。 向前方投掷玻璃刃，被命中的敌人承受{0}(+技能增幅的{5})的技能伤害，并生成玻璃碎片。 破空斩: 如持有玻璃剑，则投掷玻璃剑，命中的敌人承受{1}(+技能增幅的{7})的技能伤害并被推离，同时生成玻璃碎片。玻璃剑在首次冲击时会穿透，向前{3}m后爆炸，给周围造成 {2}(+技能增幅的{9})的技能伤害并额外生成玻璃碎片。,无消耗 / 冷却0.75秒(蓄能10秒) 被动效果 : 塔齐娅每隔一段时间会生成玻璃刃。塔齐娅靠近玻璃碎片时会将其打破，并恢复部分玻璃刃的蓄能时间。玻璃刃最多持有数为4。 向前方投掷玻璃刃，被命中的敌人承受技能伤害并生成玻璃碎片。 破空斩: 如持有玻璃剑，则投掷玻璃剑，命中的敌人承受技能伤害并被推离，同时生成玻璃碎片。玻璃剑在首次冲击时会穿透，向前一段距离后爆炸，给周围造成技能伤害并额外生成玻璃碎片。,dak.gg api zh-CN + er-gamedata coefficient text
060-tazia-q-1060210,60,Tazia,塔齐娅,Tazia,Q,1060210,TaziaActive1_2,None,破空斩,5,true,false,0,,no_structured_extension_in_er-gamedata,投掷玻璃剑被命中的敌人承受{0}(+技能增幅的{4})的技能伤害并被推离，同时生成玻璃碎片。玻璃剑在首次冲击时会穿透，向前{2}m后爆炸，向周围造成 {1}(+技能增幅的{6})的技能伤害并额外生成玻璃碎片。,无消耗,dak.gg api zh-CN + er-gamedata coefficient text
060-tazia-w-1060300,60,Tazia,塔齐娅,Tazia,W,1060300,TaziaActive2,None,败作,5,true,false,0,,no_structured_extension_in_er-gamedata,在指定的位置生成持续{2}秒的不稳固的玻璃壁垒。 玻璃壁垒会在与敌人发生碰撞时破碎并使敌人陷入晕厥{0}秒，同时造成{1}(+技能增幅的{4})的技能伤害。 玻璃壁垒破碎后会在两边末端生成 玻璃碎片。,无消耗 / 冷却20秒 在指定的位置生成不稳固的玻璃壁垒。玻璃壁垒会在与敌人发生碰撞时破碎并使敌人陷入晕厥，同时造成技能伤害。 玻璃壁垒破碎后会在两边末端生成玻璃碎片。,dak.gg api zh-CN + er-gamedata coefficient text
060-tazia-e-1060420,60,Tazia,塔齐娅,Tazia,E,1060420,TaziaActive3_1_Sequence,TaziaPassive3,清场,5,true,false,0,,no_structured_extension_in_er-gamedata,向指定的地点快速移动会打破周围的玻璃碎片，根据被打破的玻璃碎片个数恢复玻璃刃。如有玻璃碎片被打破，则在到达位置获得持续{11}秒的{1}(+技能增幅的{6})护盾，向敌人舞刃并给敌人造成{0}(+技能增幅的{4})的技能伤害，同时{9}秒间使敌人的移动速度减缓{10}。{2}秒后可以再次使用此技能。 破坏2个以上玻璃碎片时，每破坏一个玻璃碎片，额外增加{7}伤害和护盾，最大可以增加至{8}。,向指定的地点快速移动并打破周围的玻璃碎片，根据打破的玻璃碎片个数恢复玻璃刃。如有玻璃碎片被打破，则在到达位置获得持续{7}秒的{1}护盾，向敌人挥舞玻璃刃造成{0}的技能伤害，同时{5}秒间使敌人的移动速度减缓{6}。{2}秒后可以再次使用此技能。破坏2个以上玻璃碎片时，每破坏一个玻璃碎片，额外增加{3}伤害和护盾，最大可以增加至{4}。,er-gamedata zh-CN fallback
060-tazia-e-1060430,60,Tazia,塔齐娅,Tazia,E,1060430,TaziaActive3_2_Sequence,TaziaPassive3,清场,5,true,false,0,,no_structured_extension_in_er-gamedata,向指定的地点快速移动会打破周围的玻璃碎片，根据被打破的玻璃碎片个数恢复玻璃刃。如有玻璃碎片被打破，则在到达位置获得持续{11}秒的{1}(+技能增幅的{6})护盾，向敌人舞刃并给敌人造成{0}(+技能增幅的{4})的技能伤害，同时{9}秒间使敌人的移动速度减缓{10}。{2}秒后可以再次使用此技能。 破坏2个以上玻璃碎片时，每破坏一个玻璃碎片，额外增加{7}伤害和护盾，最大可以增加至{8}。,向指定的地点快速移动并打破周围的玻璃碎片，根据打破的玻璃碎片个数恢复玻璃刃。如有玻璃碎片被打破，则在到达位置获得持续{7}秒的{1}护盾，向敌人挥舞玻璃刃造成{0}的技能伤害，同时{5}秒间使敌人的移动速度减缓{6}。之后，可以在{2}秒内再次使用此技能。破坏2个以上玻璃碎片时，每破坏一个玻璃碎片，额外增加{3}伤害和护盾，最大可以增加至{4}。,er-gamedata zh-CN fallback
060-tazia-r-1060500,60,Tazia,塔齐娅,Tazia,R,1060500,TaziaActive4,None,璃之境,3,true,false,0,,no_structured_extension_in_er-gamedata,向指定的位置生成持续{12}秒的长剑，破坏半径{0}m范围内所有玻璃碎片，并减缓半径内敌人的移动速度{11}。被长剑命中的敌人承受{1}(+技能增幅的 {8})的技能伤害，并在{2}秒间减少{3}的移动速度。 长剑持续时间结束或者生成1秒后，长剑和玻璃刃或者玻璃剑发生撞击时会破坏，并在半径{0}m范围内造成{5}(+技能增幅的{10})的技能伤害。每破坏1个玻璃碎片，伤害量增加{6}，上限值为{4}。,无消耗 / 冷却80秒 向指定的位置生成长剑，破坏半径内所有的玻璃碎片，同时减缓敌人的移动速度。被长剑命中的敌人承受技能伤害同时大幅减缓移动速度。长剑持续时间结束或者和玻璃刃或者玻璃剑发生撞击时会破坏长剑并造成技能伤害。根据被打破的玻璃碎片个数成比例增加伤害。,dak.gg api zh-CN + er-gamedata coefficient text
061-irem-p-1061100,61,Irem,爱琳,Irem,P,1061100,None,IremPassive,喵星人的习性,3,true,false,0,,no_structured_extension_in_er-gamedata,爱琳进入其他区域时处于高度警惕状态，此状态下增加{0}视野。在同一区域逗留超过{1}秒即可适应周围环境，取消视野增效并强化其他能力。 爱琳 : 攻击速度增加{2} 猫咪 : 增加防御力{3} 吃掉用鱼制作的食物时，立即恢复食物恢复上限{4}的体力。,无消耗 爱琳进入其他区域时变得警惕处于高度警惕状态，此状态下增加视野。在同一区域逗留一段时间后，取消视野增效并强化其他能力。 爱琳 : 攻击速度增加 猫咪 : 增加防御力 吃掉用鱼制作的食物时，立即恢复一定比例食物恢复上限的体力。,dak.gg api zh-CN + er-gamedata coefficient text
061-irem-q-1061200,61,Irem,爱琳,Irem,Q,1061200,IremHumanActive1,None,跳跳球,5,true,false,0,,no_structured_extension_in_er-gamedata,爱琳丢出的球每弹跳一次都会加强，给范围内的敌人造成{0}(+技能增幅{2})至最多{3}(+技能增幅{5})的技能伤害。 球给敌人造成伤害时停止弹跳，同时生成小鱼标识。,无消耗 / 冷却7秒 爱琳 : 爱琳丢出的球每弹跳一次都会加强，给范围内的敌人造成技能伤害。 球给敌人造成伤害时停止弹跳，同时生成小鱼标识。,dak.gg api zh-CN + er-gamedata coefficient text
061-irem-q-1061210,61,Irem,爱琳,Irem,Q,1061210,IremCatActive1,None,无敌喵喵拳,5,true,false,0,,no_structured_extension_in_er-gamedata,使用技能后，下次普攻时向对方突进并造成{0}(+技能增幅{8})的额外技能伤害。攻击带有猫咪铃铛标识的对象时，使其{5}秒间处于束缚状态。 之后{3}秒间，每{4}秒快速发起连续攻击，分别对范围内的敌人造成{1}(+技能增幅{10})的技能伤害。 承受连续攻击的对象受到负面效果影响时，将承受{6}的额外技能伤害。,无消耗 / 冷却5.5秒 猫咪 : 使用技能后，下次普攻时向对方突进并造成额外的技能伤害。攻击带有猫咪铃铛标识的对象时，使其处于束缚。 此后快速发起连续攻击，分别对范围内的敌人造成技能伤害。 承受连续攻击的对象受到负面效果影响时，承受额外的技能伤害。,dak.gg api zh-CN + er-gamedata coefficient text
061-irem-w-1061300,61,Irem,爱琳,Irem,W,1061300,IremHumanActive2,None,喵言喵语,5,true,false,0,,no_structured_extension_in_er-gamedata,爱琳散发魅力，使范围内的敌人移动速度减缓{1}，{2}秒后给范围内的对象造成{0}(+技能增幅{6})的技能伤害，同时被爱琳迷惑{3}秒。 即使离开范围，减缓效果也会持续{4}秒。,无消耗 / 冷却15秒 爱琳 : 爱琳散发魅力，使范围内的敌人移动速度减缓，此后给范围内的对象造成技能伤害，陷入爱琳的魅力。 即使离开范围，减缓效果也会持续一段时间。,dak.gg api zh-CN + er-gamedata coefficient text
061-irem-w-1061310,61,Irem,爱琳,Irem,W,1061310,IremCatActive2,None,喵心不悦,5,true,false,0,,no_structured_extension_in_er-gamedata,爱琳在空中翻转，猫咪尾巴向下重击，范围内的敌人承受{0}(+技能增幅{4})的技能伤害，悬空{1}秒。 该技能命中敌人时，喵步轻俏及喵翻滚的冷却时间缩减{2}秒。,无消耗 / 冷却9秒 猫咪 : 爱琳在空中翻转，猫咪尾巴向下重击，范围内的敌人承受技能伤害的同时悬空。 该技能命中敌人时，缩减喵步轻俏及喵翻滚的冷却时间。,dak.gg api zh-CN + er-gamedata coefficient text
061-irem-e-1061400,61,Irem,爱琳,Irem,E,1061400,IremHumanActive3,None,喵步轻俏,5,true,false,0,,no_structured_extension_in_er-gamedata,爱琳向指定的方向短暂移动，同时会在原本的位置生成小鱼标识。,无消耗 / 冷却17秒 爱琳 : 爱琳向指定的方向快速移动并在原位置生成小鱼标识。,dak.gg api zh-CN + er-gamedata coefficient text
061-irem-e-1061410,61,Irem,爱琳,Irem,E,1061410,IremCatActive3,None,喵翻滚,5,true,false,0,,no_structured_extension_in_er-gamedata,爱琳跳跃落地，给范围内的敌人造成{0}(+技能增幅{2})的技能伤害。 朝小鱼标识方向跳跃时，可以移动至更远的距离。,无消耗 / 冷却11秒 猫咪 : 爱琳跳跃落地，给范围内的敌人造成技能伤害。 朝小鱼标识方向跳跃时，可以移动至更远的距离。,dak.gg api zh-CN + er-gamedata coefficient text
061-irem-r-1061500,61,Irem,爱琳,Irem,R,1061500,IremHumanActive4,IremActive4Passive,变身喵咪！,4,true,false,0,,no_structured_extension_in_er-gamedata,爱琳变身成猫咪。 爱琳使用跳跳球或者喵步轻俏生成小鱼时，增加下一个普攻射程距离并造成{0}(+技能增幅{5})技能伤害，同时赋予{1}秒的猫咪铃铛标识。 猫咪铃铛标识的对象和爱琳共享视野。 小鱼标识持续{2}秒，生成上限为{3}个。,无消耗 / 冷却1.5秒 爱琳 : 爱琳变身为猫咪。 爱琳使用跳跳球或者喵步轻俏生成小鱼标识时，增加下一个普攻射程距离并造成技能伤害，暂时赋予猫咪铃铛标识。 猫咪铃铛标识的对象和爱琳共享视野。 冷却固定: 此技能不受冷却缩减影响。,dak.gg api zh-CN + er-gamedata coefficient text
061-irem-r-1061510,61,Irem,爱琳,Irem,R,1061510,IremCatActive4,IremActive4Passive,爱琳登场！,4,true,false,0,,no_structured_extension_in_er-gamedata,猫咪变身成爱琳。 移动至小鱼标识地点时可以获得护盾。护盾持续{1}秒，吸收{0}(+技能增幅{3})的伤害。,无消耗 / 冷却1.5秒 猫咪 : 猫咪变身为爱琳。 猫咪变身成爱琳后，移动至小鱼标识地点时可以获得吸收伤害的护盾。 冷却固定: 此技能不受冷却缩减影响。,dak.gg api zh-CN + er-gamedata coefficient text
062-theodore-p-1062100,62,Theodore,西奥多,Theodore,P,1062100,None,TheodorePassive,蓝宝石协议,3,true,false,0,,no_structured_extension_in_er-gamedata,西奥多穿越草丛时，{0}秒间处于隐身状态，期间移动速度增加{1}。此时，{2}秒间获得吸收体力上限{3}伤害的护盾。除移动外的任何行动都会解除西奥多的隐身状态。 西奥多普攻命中时，聚能磁轨炮的冷却时间缩减{4}，其他基本技能冷却时间缩减{8}。,无消耗 / 冷却10秒 西奥多穿越草丛后处于隐身状态，期间移动速度增加。此时获得吸收伤害的护盾。除移动外的任何行为都会解除隐身状态。 西奥多普攻命中时，大幅减少聚能磁轨炮的冷却，稍微减少其他基本技能的冷却。,dak.gg api zh-CN + er-gamedata coefficient text
062-theodore-q-1062200,62,Theodore,西奥多,Theodore,Q,1062200,TheodoreActive1,None,聚能磁轨炮,5,true,false,0,,no_structured_extension_in_er-gamedata,充能 : 西奥多在1.5秒间为自己的武器充能，移动速度逐渐减少至{0}。 发射 : 再次使用时，朝着指定的方向发射光线给敌人造成{7}(+技能增幅的{9})的技能伤害，同时队友在{2}秒间体力恢复{10}(+技能增幅的{12})。根据充能时间的比例增加射程。 聚能磁轨炮击中裂变能源屏片刻后，能源屏前会发射出一道光束，给敌人造成{13}(+技能增幅的{15})的技能伤害，同时使队友在{2}秒间恢复{16}(+技能增幅的{18})体力。,无消耗 / 冷却13秒 充能 : 西奥多在一定时间内为自己武器充能，逐渐减少移动速度。 发射 : 再次使用时，朝着指定的方向发射光线给敌人造成技能伤害，同时恢复队友的体力。根据充能时间的比例增加射程。 聚能磁轨炮击中裂变能源屏片刻后，能源屏前会发射出一道光束，命中实验体时可以造成技能伤害并恢复队友体力。,dak.gg api zh-CN + er-gamedata coefficient text
062-theodore-q-1062210,62,Theodore,西奥多,Theodore,Q,1062210,TheodoreActive1Screen,None,테오도르 Q - 에너지 포(스크린),1,false,false,0,,no_structured_extension_in_er-gamedata,,,er-gamedata zh-CN fallback
062-theodore-w-1062300,62,Theodore,西奥多,Theodore,W,1062300,TheodoreActive2,None,裂变能源屏,5,true,false,0,,no_structured_extension_in_er-gamedata,西奥多向指定位置生成能够持续{0}秒的裂变能源屏。 西奥多的普攻子弹及磁力手雷穿过裂变能源屏时会扩散至命中的敌人周围。普攻通过能源屏时造成{2}(+技能增幅的{3})的额外伤害，磁力手雷能够增加投射体的速度及射程。,无消耗 / 冷却1秒(蓄能12秒) 西奥多向指定位置生成能够持续一段时间的裂变能源屏。 西奥多的普攻子弹及磁力手雷穿过裂变能源屏时会扩散至命中的敌人周围。普攻通过能源屏时造成额外技能伤害，磁力手雷增加投射体的速度及射程。,dak.gg api zh-CN + er-gamedata coefficient text
062-theodore-w-1062350,62,Theodore,西奥多,Theodore,W,1062350,None,TheodoreActive2Passive,테오도르 W - 증폭 스크린(충돌 체크),1,false,false,0,,no_structured_extension_in_er-gamedata,,,er-gamedata zh-CN fallback
062-theodore-e-1062400,62,Theodore,西奥多,Theodore,E,1062400,TheodoreActive3,TheodoreActive3Passive,磁力手雷,5,true,false,0,,no_structured_extension_in_er-gamedata,被动效果 : 聚能磁轨炮 或者 磁力手雷 命中时下一个普攻射程增加{5}。 被西奥多投掷的磁力手雷命中的敌人在{0}秒间减少{1}的移动速度，{2}秒间被指定为目标。西奥多可以获得目标的视野，使用普攻或者技能攻击的情况下，造成{6}(+技能增幅的{8})额外技能伤害的同时使敌人陷入束缚{4}秒。,无消耗 / 冷却14秒 被动效果 : 聚能磁轨炮 或者 磁力手雷 命中时将增加下一个普攻射程。 被西奥多投掷的磁力手雷命中的敌人会减少移动速度，并被指定为目标。西奥多可以获得目标的视野，使用普攻或技能攻击的情况下，造成额外技能伤害的同时使敌人陷入束缚。,dak.gg api zh-CN + er-gamedata coefficient text
062-theodore-r-1062500,62,Theodore,西奥多,Theodore,R,1062500,TheodoreActive4,None,能源飓风,3,true,false,0,,no_structured_extension_in_er-gamedata,西奥多聚集能量至上限，向指定方向生成持续{1}秒的能源飓风，给朝着相同方向移动的队友移动速度增加{10}(+技能增幅的{9}) ，强大的能量波可以给敌人造成{6}(+技能增幅的{8})的技能伤害。 发射后，西奥多进入过充状态，{3}秒间攻速增加{4}，聚能磁轨炮的充能时间上限减少至{5}秒。,无消耗 / 冷却80秒 西奥多聚集能量至上限，向指定方向生成持续能源飓风，朝着相同方向移动的队友增加移动速度 ，强大的能量波可以给敌人造成技能伤害。 发射后，西奥多进入过充状态，增加攻击速度的同时减少聚能磁轨炮的充能时间上限。,dak.gg api zh-CN + er-gamedata coefficient text
063-lyanh-p-1063100,63,Lyanh,伊安,Ly Anh,P,1063100,None,LyanhPassive,被禁锢的肉身,3,true,false,0,,no_structured_extension_in_er-gamedata,侵蚀 : 伊安使用普攻或基本技能时，会累积侵蚀值。当侵蚀值累积至100点时，伊安将进入噬身状态，并恢复已失体力{10}的体力。非战斗状态下，侵蚀值每秒减少{7}。 为使不被恶灵控制，伊安需要持续地抵抗。根据伊安所处状态，普攻伤害也会有所不同。 人类状态 : 造成攻击力{1}的伤害 噬身状态 : 造成攻击力{2}的伤害 恶灵状态 : 造成攻击力{3}的伤害 伊安受到体内恶灵的影响，不知不觉释放了潜在的残暴性。噬身状态・恶灵状态下造成技能伤害时，将增加攻击力{0}真实伤害。噬身状态下恢复真实伤害{8}的体力，恶灵状态下恢复真实伤害{9}的体力。,无消耗 为使不被恶灵附身，伊安需要进行持续的抵抗。根据状态的不同，伊安的普攻伤害也会有所不同。 伊安进入噬身状态时，将根据已失体力恢复一定的体力，并唤醒了伊安体内恶灵的残忍。噬身状态・恶灵状态下造成技能伤害时，将根据攻击力增加真实伤害，恢复自身体力。,dak.gg api zh-CN + er-gamedata coefficient text
063-lyanh-q-1063200,63,Lyanh,伊安,Ly Anh,Q,1063200,LyanhHumanActive1,None,躲避！/ 地狱鬼手,5,true,false,0,,no_structured_extension_in_er-gamedata,人类状态 : 在恶灵的操纵下，伊安向前方挥动短剑造成{0}(+攻击力的{1})的技能伤害。命中目标时，冷却时间缩减至1秒。 噬身状态 : 噬身后的伊安向指定区域内的对象造成{2}(+攻击力的{3})的技能伤害，{4}秒间处于束缚状态。,体力 4 / 冷却4秒 人类状态 : 在恶灵的操纵下，伊安刺出短剑对目标造成技能伤害。 噬身状态 : 噬身后的伊安对指定区域内的目标造成技能伤害并使目标陷入束缚。,dak.gg api zh-CN + er-gamedata coefficient text
063-lyanh-q-1063210,63,Lyanh,伊安,Ly Anh,Q,1063210,LyanhPossessionActive1,None,躲避！/ 地狱鬼手,5,true,false,0,,no_structured_extension_in_er-gamedata,人类状态 : 在恶灵的操纵下，伊安刺出短剑对目标造成{0}(+攻击力的{1})的技能伤害。命中时冷却时间缩减至1秒。 噬身状态 : 噬身后的伊安对指定区域内的目标造成{2}(+攻击力的{3})的技能伤害，{4}秒间处于束缚状态。,人类状态 : 在恶灵的操纵下，伊安刺出短剑对目标造成{0}的技能伤害。命中时缩减1秒冷却时间。 噬身状态 : 噬身后的伊安对指定区域内的目标造成{1}的技能伤害，{2}秒间处于束缚状态。,er-gamedata zh-CN fallback
063-lyanh-w-1063300,63,Lyanh,伊安,Ly Anh,W,1063300,LyanhHumanActive2,None,对不起.. / 血染之指,5,true,false,0,,no_structured_extension_in_er-gamedata,人类状态 : 在恶灵的操纵下，伊安向前方挥动短剑造成{0}(+攻击力的{1})的技能伤害。被命中的目标移动速度减少{2}，减少的移动速度会在{3}秒后复原。 噬身状态 : 噬身后的伊安向前舞动鬼手造成 {4}(+攻击力的{5})的技能伤害。技能命中时，获得 [蚕噬] 叠层，移动速度增加 {6} 。增加的移动速度在{7}秒后复原。根据叠层数，使用技能时消耗的体力增加，命中时地狱鬼手及鬼灵利爪每叠层冷却时间减少{8}秒。最多可以获得{9}个叠层。,体力 4 / 冷却11秒 人类状态 : 在恶灵的操纵下，伊安向前方挥动短剑，对目标造成技能伤害。被命中的目标移动速度减少。减少的移动速度会慢慢复原。 噬身状态 : 噬身后的伊安对前方挥动短剑造成技能伤害。技能命中时，获得[蚕噬] 叠层，移动速度增加。增加的移动速度慢慢复原。根据叠层数，使用技能时消耗的体力增加，减少地狱鬼手及 鬼灵利爪的冷却时间。,dak.gg api zh-CN + er-gamedata coefficient text
063-lyanh-w-1063310,63,Lyanh,伊安,Ly Anh,W,1063310,LyanhPossessionActive2,None,对不起.. / 血染之指,5,true,false,0,,no_structured_extension_in_er-gamedata,人类状态 : 在恶灵的操纵下，伊安向前方挥动短剑造成 {0}(+攻击力的{1})的技能伤害。被命中的目标移动速度减少{2}。减少的移动速度会在{3}秒后复原。 噬身状态 : 噬身后的伊安向前舞动鬼手造成 {4}(+攻击力的{5})的技能伤害。技能命中时，获得[蚕噬] 叠层，移动速度增加{6}。增加的移动速度在{7}秒后复原。根据叠层数，使用技能时消耗的体力增加，命中时地狱鬼手及鬼灵利爪每叠层冷却时间减少{8}秒。最多可以获得{9}个叠层。,人类状态 : 在恶灵的操纵下，伊安向前方挥动短剑造成 {0}的技能伤害。被命中的目标移动速度减少{1} 。减少的移动速度在{2}秒后复原。 噬身状态 : 噬身后的伊安对前方挥动短剑造成{3}的技能伤害。技能命中时，获得[蚕噬] 叠层，移动速度增加{4}。增加的移动速度在{5}秒后复原。根据叠层数，使用技能时消耗的体力增加，命中时地狱鬼手及鬼灵利爪每叠层冷却时间减少{6}秒。最多可以获得{7}个叠层。,er-gamedata zh-CN fallback
063-lyanh-e-1063400,63,Lyanh,伊安,Ly Anh,E,1063400,LyanhHumanActive3_1,None,闪开！/ 鬼灵利爪,5,true,false,0,,no_structured_extension_in_er-gamedata,人类状态 : 伊安被短剑拖拽，给路径上的敌人造成 {0}(+攻击力的{1})的技能伤害。命中时可以再次使用技能。 噬身状态 : 被附体的伊安鬼手向下猛击造成 {2}(+攻击力的{3})的技能伤害，将对方拉过来并造成{4}(+攻击力的{5})的技能伤害。,体力 4 / 冷却16秒 人类状态 : 伊安被短剑拖拽，给路径上的敌人造成技能伤害。命中时可以再次使用技能。 噬身状态 : 被附体的伊安鬼手向下猛击造成技能伤害，将对方拖拽过来造成技能伤害。,dak.gg api zh-CN + er-gamedata coefficient text
063-lyanh-e-1063410,63,Lyanh,伊安,Ly Anh,E,1063410,LyanhHumanActive3_2,None,闪开！/ 鬼灵利爪,5,true,false,0,,no_structured_extension_in_er-gamedata,人类状态 : 伊安被短剑拖拽，给路径上的敌人造成{0}(+攻击力的{1}) 的技能伤害。命中时可以再次使用技能。 噬身状态 : 被附体的伊安鬼手向下猛击造成{2}(+攻击力的{3})的技能伤害，并将对方拉过来造成{4}(+攻击力的{5})的技能伤害。,人类状态 : 伊安被短剑拖拽，给路径上的敌人造成 {0}的技能伤害。命中时可以再次使用技能。 噬身状态 : 被附体的伊安鬼手向下猛击造成{1}的技能伤害，并将对方拉过来造成 {2}的技能伤害。,er-gamedata zh-CN fallback
063-lyanh-e-1063420,63,Lyanh,伊安,Ly Anh,E,1063420,LyanhPossessionActive3,None,闪开！/ 鬼灵利爪,5,true,false,0,,no_structured_extension_in_er-gamedata,人类状态 : 伊安被短剑拖拽，给路径上的敌人造成 {0}(+攻击力的{1}) 的技能伤害。命中时可以再次使用技能。 噬身状态 : 被噬身的伊安鬼手向下猛击造成 {2}(+攻击力的{3})的技能伤害，并将对方拉过来造成{4}(+攻击力的{5})的技能伤害。,人类 : 伊安被短剑拖拽，给路径上的敌人造成 {0}的技能伤害。命中时可以再次使用技能。 噬身 : 被附体的伊安鬼手向下猛击造成{1}的技能伤害，并将对方拉过来造成 {2}的技能伤害。,er-gamedata zh-CN fallback
063-lyanh-r-1063500,63,Lyanh,伊安,Ly Anh,R,1063500,LyanhActive4_1,None,解放肉身,3,true,false,0,,no_structured_extension_in_er-gamedata,使用条件 : 噬身状态下，仅在侵蚀叠层数达到100以上时才能使用。恶灵状态下，侵蚀叠层数每秒减少{8}。以技能施法位置为准，仅在{9}m范围内才能维持恶灵状态。 伊安完全被恶灵侵蚀。恶灵跳至指定的方向，造成{0}(+攻击力{1})技能伤害，并使伊安停留在施法位置。恶灵状态下，体力上限增加{2} 、移动速度增加{3} 、攻击速度增加{5}(+攻击力{6})。普攻对敌人造成攻击力{4}的技能伤害，并使第{12}次普攻目标陷入{11}秒的恐惧。位于目标周围{7}m内的敌人将一同陷入恐惧。 如果技能结束恶灵还未死亡时，伊安将会在该位置变回为人类状态。使用技能期间恶灵死亡时，伊安将会在之前所在的施法位置持有{10}体力变回为人类状态。 技能结束时 : 以伊安所在位置为准，伊安离开指定范围时；再次使用技能结束时；恶灵死亡时；侵蚀叠层为0时,无消耗 / 冷却70秒 伊安完全被恶灵侵蚀。恶灵跳至指定的方向，造成技能伤害，并使伊安停留在施法位置。恶灵状态下，体力上限、移动速度和攻击速度都会有所增加。 发起普攻时，将对敌人造成技能伤害，并在第四次普攻时使目标陷入恐惧。位于目标周围的敌人也会同样陷入恐惧状态。 如果技能结束恶灵还未死亡时，伊安将会在该位置变回为人类状态。使用技能期间恶灵死亡时，伊安将会在之前所在的施法位置变回为人类状态。 技能结束 : 以伊安所在位置为准，伊安离开指定范围时；再次使用技能结束时；恶灵死亡时；侵蚀叠层为0时,dak.gg api zh-CN + er-gamedata coefficient text
063-lyanh-r-1063510,63,Lyanh,伊安,Ly Anh,R,1063510,LyanhActive4_2,None,无路可逃,3,true,false,0,,no_structured_extension_in_er-gamedata,「我不会任你摆布的！」 伊安摆脱了恶灵的控制，恢复至人类的状态。消耗全部侵蚀叠层。,「我不会任你摆布的！」 伊安摆脱了恶灵的控制，恢复至人类的状态。消耗全部侵蚀叠层。,er-gamedata zh-CN fallback
064-vanya-p-1064100,64,Vanya,万尼亚,Vanya,P,1064100,None,VanyaPassive,幻蝶如梦,3,true,false,0,,no_structured_extension_in_er-gamedata,遐思 : 每隔一段时间普攻造成{10}(+技能增幅{11})额外技能伤害。 幻蝶如梦 : 万尼亚技能命中敌人时，获得1个幻蝶如梦叠层。获得4个叠层时，幻想中的蝴蝶将会出现，{1}秒间造成{12}(+技能增幅{13})的持续技能伤害，万尼亚获得吸收{14}(+技能增幅{15})伤害的护盾。 护盾每秒减少{4}(万尼亚每级别+{18})，上限不会超过{16}(+技能增幅{17})。,无消耗 / 冷却8秒 遐思 : 每隔一段时间普攻造成额外技能伤害。 幻蝶如梦 : 万尼亚技能命中敌人时，获得1个幻蝶如梦叠层。获得4个叠层时，幻想中的蝴蝶将会出现，造成持续技能伤害，万尼亚获得护盾。 护盾逐渐减少，上限值和万尼亚的技能增幅成比例。,dak.gg api zh-CN + er-gamedata coefficient text
064-vanya-q-1064200,64,Vanya,万尼亚,Vanya,Q,1064200,VanyaActive1,VanyaActive1Passive,蝶向,5,true,false,0,,no_structured_extension_in_er-gamedata,万尼亚释放蝴蝶造成{10}(+技能增幅{11})的技能伤害。蝴蝶命中或飞行结束时，将回到万尼亚身边并再次造成伤害。 收回返回的蝴蝶，恢复{1}冷却，蝴蝶命中敌人时赋予万尼亚幻蝶如梦护盾。,无消耗 / 冷却11秒 万尼亚释放蝴蝶，造成技能伤害。蝴蝶在命中或飞行结束时，将回到万尼亚身边并再次造成伤害。 收回返回的蝴蝶，恢复冷却，蝴蝶命中敌人时赋予万尼亚幻蝶如梦护盾。,dak.gg api zh-CN + er-gamedata coefficient text
064-vanya-w-1064300,64,Vanya,万尼亚,Vanya,W,1064300,VanyaActive2_1,None,青风,5,true,false,0,,no_structured_extension_in_er-gamedata,青风 : 万尼亚腾空{1}秒，每次造成{10}(+技能增幅{11})的技能伤害，共进行{3}次，移动速度增加{2}后逐渐减缓。技能结束前可以使用云幕。 云幕 : 原地高飞，{5}秒间无法被指定为目标，落地后造成{12}(+技能增幅{13})的技能伤害。使用时技能冷却时间增加{6}秒。,无消耗 / 冷却6秒 青风 : 万尼亚腾空，间歇性地造成技能伤害，移动速度在增加后逐渐变缓。技能结束前可以使用云幕。 云幕 : 原地高飞，无法被指定为目标，落地后造成技能伤害。使用时技能冷却时间增加。,dak.gg api zh-CN + er-gamedata coefficient text
064-vanya-w-1064310,64,Vanya,万尼亚,Vanya,W,1064310,VanyaActive2_2,None,云幕,5,true,false,0,,no_structured_extension_in_er-gamedata,云幕 : 原地高飞，{5}秒间无法被指定为目标，落地后造成{12}(+技能增幅{13})的技能伤害。使用时技能冷却时间增加{6}秒。,云幕 : 原地高飞，{5}秒间处于无法被指定为目标的状态，落地后造成{4}的技能伤害。使用时技能冷却时间增加{6}秒。,er-gamedata zh-CN fallback
064-vanya-e-1064400,64,Vanya,万尼亚,Vanya,E,1064400,VanyaActive3,None,祈愿,5,true,false,0,,no_structured_extension_in_er-gamedata,万尼亚处于无法阻止的状态飞向目标，给敌人造成{10}(+技能增幅{11})的技能伤害。翅膀展开外围造成{12}(+技能增幅{13})的技能伤害，{2}秒间移动速度减缓{3}。,无消耗 / 冷却16秒 万尼亚处于无法阻止的状态飞向目标，给敌人造成技能伤害。翅膀展开外围造成更大的伤害，敌人的移动速度减缓。,dak.gg api zh-CN + er-gamedata coefficient text
064-vanya-r-1064500,64,Vanya,万尼亚,Vanya,R,1064500,VanyaActive4,None,蝶之羽翼,3,true,false,0,,no_structured_extension_in_er-gamedata,梦中的蝴蝶飘散幻影蝶粉，造成{10}(+技能增幅{11})的技能伤害。承受攻击的目标在{1}秒间昏昏欲睡，移动速度逐渐减少，{2}秒间陷入沉睡。 沉睡状态下受到攻击时，承受{12}(+技能增幅{13})的技能伤害并醒来。,无消耗 / 冷却80秒 梦中的蝴蝶飘散幻影蝶粉，造成技能伤害。承受攻击的目标昏昏欲睡，移动速度逐渐减少，陷入沉睡。 沉睡中受到攻击时，承受技能伤害并醒来。,dak.gg api zh-CN + er-gamedata coefficient text
065-debi-marlene-p-1065100,65,DebiMarlene,黛比&玛莲,Debi & Marlene,P,1065100,None,DebiMarlenePassive,靛与赤,3,true,false,0,,no_structured_extension_in_er-gamedata,被动 : 黛比形态下防御力增加{1}，玛莲形态下普攻射程调整为{2}。黛比&玛莲普攻造成攻击力{3} * (普攻增幅)的伤害。 黛比&玛莲普攻和技能对目标分别刻上靛与赤。此效果最多可以叠加{4}次。 当靛与赤刻上不同颜色时，本来的颜色会消失，并对目标造成{5}(+额外攻击力的{6})+{8} = (暴击率{9})的技能伤害，{10}秒间黛比&玛莲的移动速度增加{11}。(叠层上限 : {12}) 刻上颜色时，守护我，玛莲！或就是现在，黛比！的冷却减少{13}秒，靛与赤造成伤害时，冷却时间额外减少{14}秒。,无消耗 被动 : 黛比形态下增加防御力，玛莲形态下增加普攻射程。黛比&玛莲普攻造成伤害减少。 黛比&玛莲普攻和技能对目标分别刻上靛与赤。此效果可进行叠加。 当靛与赤刻上不同颜色时，本来的颜色会消失，并对目标造成技能伤害，增加黛比&玛莲的移动速度。 刻上颜色或靛与赤造成伤害时，将缩减守护我，玛莲！及就是现在，黛比！的冷却时间。,dak.gg api zh-CN + er-gamedata coefficient text
065-debi-marlene-q-1065200,65,DebiMarlene,黛比&玛莲,Debi & Marlene,Q,1065200,DebiMarleneActive1_1,None,靛风斩,5,true,false,0,,no_structured_extension_in_er-gamedata,黛比向前方持剑挥刃，造成{0}(+额外攻击力{1})的技能伤害。命中敌人时减少{4}秒间攻击速度增加{5}。(叠层上限 : {6}),无消耗 / 冷却4秒 黛比 : 黛比向前方持剑挥刃，造成技能伤害。命中敌人时增加攻击速度。,dak.gg api zh-CN + er-gamedata coefficient text
065-debi-marlene-q-1065210,65,DebiMarlene,黛比&玛莲,Debi & Marlene,Q,1065210,DebiMarleneActive1_2,None,赤月斩,5,true,false,0,,no_structured_extension_in_er-gamedata,玛莲释放能量束，造成{0}(+额外攻击力的{1})的技能伤害。命中敌人时{4}秒间攻击速度增加{5}。(叠层上限 : {6}),无消耗 / 冷却4.5秒 玛莲 : 玛莲释放能量束，造成技能伤害。命中敌人时增加攻击速度。,dak.gg api zh-CN + er-gamedata coefficient text
065-debi-marlene-w-1065300,65,DebiMarlene,黛比&玛莲,Debi & Marlene,W,1065300,DebiMarleneActive2_1,None,靛旋之舞,5,true,false,0,,no_structured_extension_in_er-gamedata,黛比挥舞手中的剑，剑光流转造成{0}(+额外攻击力的{1})(+目标体力上限{3})的技能伤害，阻挡范围内敌人的投射体和普攻。,无消耗 / 冷却12秒 黛比 : 黛比挥舞手中的剑，剑光流转造成技能伤害，阻挡范围内敌人的投射体及普攻。,dak.gg api zh-CN + er-gamedata coefficient text
065-debi-marlene-w-1065310,65,DebiMarlene,黛比&玛莲,Debi & Marlene,W,1065310,DebiMarleneActive2_2,None,赤月之舞,5,true,false,0,,no_structured_extension_in_er-gamedata,玛莲快速旋转的同时发射能量束飞向附近的敌人，分别对命中的敌人造成{2}(+额外攻击力{3})的技能伤害，从{5}次起，每次命中都将刻上靛与赤中的红色。对已被能量束命中的敌人造成{6}的伤害。,无消耗 / 冷却11秒 玛莲 : 玛莲快速旋转的同时发射多个能量束快速飞向附近的敌人，分别对命中的敌人造成技能伤害，达到一定命中次数时，每次命中都将会刻上靛与赤中的红色。对能量束已命中的敌人造成减少了的伤害。,dak.gg api zh-CN + er-gamedata coefficient text
065-debi-marlene-e-1065400,65,DebiMarlene,黛比&玛莲,Debi & Marlene,E,1065400,DebiMarleneActive3_1,None,守护我，玛莲！,5,true,false,0,,no_structured_extension_in_er-gamedata,被动 : 黛比&玛莲交替出场时，移动速度增加{10}，持续{11}秒后复原。 呼唤玛莲出场。交替出场时，玛莲将移至身后发射能量束，对首个命中的敌人造成{0}(+额外攻击力{1})的技能伤害。并在{3}秒后，使该敌人及周边的所有敌人移动速度减少{12}，持续{4}秒。 黛比将在交替出场的位置待机{5}秒，使用赤月斩时，黛比向前方突进，对路径上的敌人造成{6}(+额外攻击力{7})的技能伤害，使敌人悬空{9}秒。,无消耗 / 冷却15秒 被动 : 黛比&玛莲交替出场时增加移动速度。 黛比 : 呼唤玛莲出场。交替出场时，玛莲将移至身后发射能量束，对首个命中的敌人造成技能伤害。并在一段时间后，使该敌人和周围所有敌人的移动速度减少。 黛比将在交替出场的位置暂时待机，使用赤月斩时，黛比向前方突进，对路径上的敌人造成技能伤害并使敌人悬空。 冷却固定: 此技能不受冷却缩减影响。,dak.gg api zh-CN + er-gamedata coefficient text
065-debi-marlene-e-1065410,65,DebiMarlene,黛比&玛莲,Debi & Marlene,E,1065410,DebiMarleneActive3_2,None,就是现在，黛比！,5,true,false,0,,no_structured_extension_in_er-gamedata,被动 : 黛比&玛莲玛莲交替出场时，移动速度增加{10}，持续{11}秒后复原。 呼唤黛比出场。交替出场时，黛比向前方突进并对路径上的敌人造成{0}(+额外攻击力的{1})的技能伤害，使敌人悬空{3}秒。 玛莲将在交替出场的位置待机{4}秒，使用靛风斩时，玛莲向后移动，发射能量束并对首个命中的敌人造成{5}(+额外攻击力{6})的技能伤害。在{8}秒后，使该敌人以及周围的所有敌人移动速度减少{12}，持续{9}秒。,无消耗 / 冷却17秒 被动 : 黛比&玛莲交替出场时增加移动速度。 玛莲 : 呼唤黛比出场。交替出场时，黛比向前方突进，对路径上的敌人造成技能伤害并使敌人悬空。 玛莲将在交替出场的位置暂时待机，使用靛风斩时，玛莲向后移动发射能量束，对首个命中的敌人造成技能伤害。并在一段时间后，使该敌人和周围所有敌人的移动速度减少。 冷却固定: 此技能不受冷却缩减影响。,dak.gg api zh-CN + er-gamedata coefficient text
065-debi-marlene-e-1065460,65,DebiMarlene,黛比&玛莲,Debi & Marlene,E,1065460,None,DebiMarleneSummonPassive,데비마를렌 서번트 패시브,1,false,false,0,,no_structured_extension_in_er-gamedata,,,er-gamedata zh-CN fallback
065-debi-marlene-r-1065500,65,DebiMarlene,黛比&玛莲,Debi & Marlene,R,1065500,DebiMarleneActive4,None,靛赤双生,3,true,false,0,,no_structured_extension_in_er-gamedata,黛比和玛莲一同突进，对路径上的所有敌人造成{0}(+额外攻击力{1})的技能伤害后将敌人拉向自身，使其暂时陷入晕厥，造成{6}次{3}(+额外攻击力{4})的额外真实伤害并刻上靛与赤。,无消耗 / 冷却80秒 黛比和玛莲一同突进，对路径上的所有敌人造成技能伤害后将敌人拉向自身，使敌人暂时晕厥，造成多次额外真实伤害，并刻上靛与赤。,dak.gg api zh-CN + er-gamedata coefficient text
066-arda-p-1066100,66,Arda,阿尔达,Arda,P,1066100,None,ArdaPassive,文物探索,3,true,false,0,,no_structured_extension_in_er-gamedata,文物保护 : 阿尔达采集生命树枝和陨石时，将在自身周围生成一片区域，可以使该区域的敌人陷入沉默状态。该区域在采集期间持续存在。 考古分析 : 阿尔达使用文物对敌人造成伤害时，将会获得远古精髓。当远古精髓叠加{2}次时，将会从提灯中释放出神秘的力量，使阿尔达和周围队友体力恢复{1}(+技能增幅{3})。,无消耗 文物保护 : 阿尔达采集生命树枝和陨石时，将在自身周围生成一片区域，可以使该区域的敌人陷入沉默状态。该区域在采集期间持续存在。 考古分析 : 阿尔达使用文物对敌人造成伤害时，将会获得远古精髓。当累积了足够远古精髓叠层时，将会从提灯中释放出神秘的力量，恢复阿尔达和周围队友体力。,dak.gg api zh-CN + er-gamedata coefficient text
066-arda-q-1066200,66,Arda,阿尔达,Arda,Q,1066200,ArdaActive1,None,沙玛什卷轴,5,true,false,0,,no_structured_extension_in_er-gamedata,阿尔达向指定方向展开沙玛什卷轴。对和卷轴冲撞的敌人造成{0}(+技能增幅{1})的技能伤害。,无消耗 / 冷却8秒 阿尔达向指定方向展开沙玛什卷轴。对和卷轴冲撞的敌人造成技能伤害。,dak.gg api zh-CN + er-gamedata coefficient text
066-arda-q-1066210,66,Arda,阿尔达,Arda,Q,1066210,ArdaActive1Reinforce,None,沙玛什法典,5,true,false,0,,no_structured_extension_in_er-gamedata,阿尔达向指定方向展开沙玛什法典。对和法典冲撞的敌人造成{0}(+技能增幅{3})的技能伤害，并留下符文区域，{1}秒后对路径上的敌人造成{2}(+技能增幅{4})技能伤害。 使用沙玛什法典时，沉睡之力冷却时间恢复{5}。,阿尔达向指定方向展开沙玛什法典。对和法典冲撞的敌人造成{0}技能伤害并留下符文区域，{1}秒后对路径上的敌人造成{2}技能伤害。 使用沙玛什法典时，沉睡之力冷却时间恢复{3}。,er-gamedata zh-CN fallback
066-arda-w-1066300,66,Arda,阿尔达,Arda,W,1066300,ArdaActive2,None,巴比伦魔方,5,true,false,0,,no_structured_extension_in_er-gamedata,阿尔达在指定的地点召唤巴比伦魔方。巴比伦魔方对区域内的敌人造成{0}(+技能增幅{5})的技能伤害，并使敌人{1}秒间减少{2}移动速度。 {3}秒后巴比伦魔方消失不见，对区域内的敌人造成{4}(技能增幅{6})的技能伤害，使其晕厥{7}秒。,无消耗 / 冷却13秒 阿尔达在指定的地点召唤巴比伦魔方。巴比伦魔方对区域内的敌人造成技能伤害，并减缓敌人的移动速度。 巴比伦魔方消失不见，对区域内的敌人造成技能伤害并使其晕厥。,dak.gg api zh-CN + er-gamedata coefficient text
066-arda-w-1066310,66,Arda,阿尔达,Arda,W,1066310,ArdaActive2Reinforce,None,巴比伦骰子,5,true,false,0,,no_structured_extension_in_er-gamedata,阿尔达在指定的地点召唤巴比伦骰子并沿四周设下结界，碰触到结界的敌人陷入束缚{5}秒。 边缘的结界在{7}秒间按顺时针方向依次被摧毁，同时对敌人造成{3}(+技能增幅{10})技能伤害，对骰子范围内的敌人造成{0}(+技能增幅{6})技能伤害，使其{1}秒间移动速度减少{2}。 当所有边缘都被破坏后，巴比伦骰子在消失不见的同时对区域内的敌人造成{4}(+技能增幅{8})技能伤害，敌人陷入{9}秒的晕厥。,阿尔达在指定的地点召唤巴比伦骰子并沿四周设下结界，碰触到边缘的敌人陷入束缚{5}秒。 边缘的结界在{7}秒间按顺时针方向依次被摧毁，同时对敌人造成{3}技能伤害，对骰子范围内的敌人造成{0}技能伤害，使其{1}秒间移动速度减少{2}。 当所有边缘都被破坏后，巴比伦骰子在消失不见的同时对区域内的敌人造成{4}技能伤害，敌人陷入晕厥{6}秒。,er-gamedata zh-CN fallback
066-arda-e-1066400,66,Arda,阿尔达,Arda,E,1066400,ArdaActive3,None,尼姆鲁德石碑,5,true,false,0,,no_structured_extension_in_er-gamedata,在指定位置掉落尼姆鲁德石碑，对范围内的敌人造成{0}(+技能增幅{1})技能伤害并推离敌人。,无消耗 / 冷却14秒 在指定位置掉落尼姆鲁德石碑，对范围内的敌人造成技能伤害并推离敌人。,dak.gg api zh-CN + er-gamedata coefficient text
066-arda-e-1066410,66,Arda,阿尔达,Arda,E,1066410,ArdaActive3Reinforce_1,None,尼姆鲁德之门,5,true,false,0,,no_structured_extension_in_er-gamedata,使用距离增加{3}m，并在指定位置和自身所在位置掉落尼姆鲁德石碑，对范围内的敌人造成{0}(+技能增幅{4})技能伤害并推离敌人。 此后，一种神秘的力量将两块石碑连接在一起，形成可供我方移动{2}次的次元门，次元门可以维持{1}秒。,使用距离增加{3}m，并在指定位置和自身所在位置掉落尼姆鲁德石碑，对范围内的敌人造成{0}技能伤害并推离敌人。 此后，一种神秘的力量两块石碑连接在一起，形成可供我方移动{2}次的次元门，次元门可以维持{1}秒。,er-gamedata zh-CN fallback
066-arda-e-1066420,66,Arda,阿尔达,Arda,E,1066420,ArdaActive3Reinforce_2,None,尼姆鲁德之门,5,true,false,0,,no_structured_extension_in_er-gamedata,使用距离增加{3}m，并在指定位置和自身所在位置掉落尼姆鲁德石碑，对范围内的敌人造成{0}(+技能增幅{4})技能伤害并推离敌人。 此后，一种神秘的力量将两块石碑连接在一起，形成可供我方移动{2}次的次元门，次元门可以维持{1}秒。,使用距离增加{3}m，并在指定位置和自身所在位置掉落尼姆鲁德石碑，对范围内的敌人造成{0}技能伤害并推离敌人。 此后，一种神秘的力量将两块石碑连接在一起，形成可供我方移动{2}次的次元门，次元门可以维持{1}秒。,er-gamedata zh-CN fallback
066-arda-e-1066430,66,Arda,阿尔达,Arda,E,1066430,ArdaActive3Reinforce_3,None,尼姆鲁德之门,5,true,false,0,,no_structured_extension_in_er-gamedata,使用距离增加{3}m，并在指定位置和自身所在位置掉落尼姆鲁德石碑，对范围内的敌人造成{0}(+技能增幅{4})技能伤害并推离敌人。 此后，一种神秘的力量将两块石碑连接在一起，形成可供我方移动{2}次的次元门，次元门可以维持{1}秒。,使用距离增加{3}m，并在指定位置和自身所在位置掉落尼姆鲁德石碑，对范围内的敌人造成{0}技能伤害并推离敌人。 此后，一种神秘的力量将两块石碑连接在一起，形成可供我方移动{2}次的次元门，次元门可以维持{1}秒。,er-gamedata zh-CN fallback
066-arda-r-1066500,66,Arda,阿尔达,Arda,R,1066500,ArdaActive4,None,沉睡之力,3,true,false,0,,no_structured_extension_in_er-gamedata,阿尔达破译了隐藏在文物背后的故事，恢复了文物原始数据。强化{0}秒内使用的下一个基本技能。 沙玛什法典 : 阿尔达向指定方向展开沙玛什法典。对和法典冲撞的敌人造成{2}(+技能增幅{15})技能伤害并留下符文区域，{3}秒后对路径上的敌人造成{4}(+技能增幅{16})技能伤害。 使用沙玛什法典时，沉睡之力冷却时间恢复{1}。 巴比伦骰子 : 阿尔达在指定的地方召唤巴比伦骰子并沿四周设下结界，碰触到结界的敌人陷入{10}秒的束缚。边缘的结界在{21}秒间按顺时针方向依次被摧毁，同时对敌人造成{8}(+技能增幅{18})技能伤害，对骰子范围内的敌人造成{5}(+技能增幅{17})技能伤害，使其{6}秒间移动速度减少{7}。当所有边缘都被破坏后，巴比伦骰子在消失不见的同时对区域内的敌人造成{9}(+技能增幅{19})技能伤害，敌人陷入{22}秒的晕厥。 尼姆鲁德之门 : 使用距离增加{14}m，并在指定位置和自身所在位置掉落尼姆鲁德石碑，对敌人造成{11}(+技能增幅{20})技能伤害并推离敌人。此后，一种神秘的力量将两块石碑连接在一起，形成可供我方移动{13}次的次元门，次元门可以维持{12}秒。,无消耗 / 冷却19秒 阿尔达破译了隐藏在文物背后的故事，恢复了文物原始数据。可以强化一段时间内使用的下一个基本技能。,dak.gg api zh-CN + er-gamedata coefficient text
067-abigail-p-1067100,67,Abigail,艾比盖尔,Abigail,P,1067100,None,AbigailPassive,撕裂之刃,3,true,false,0,,no_structured_extension_in_er-gamedata,艾比盖尔下一次普攻造成{1}(+技能增幅{2})额外技能伤害，{3}秒间目标的防御力减少{4}。 每次技能命中时，撕裂之刃的冷却时间缩减{0}秒。 此普攻也被视为技能攻击。,无消耗 / 冷却12秒 艾比盖尔下一次普攻将造成额外的技能伤害，减少目标的防御力。 每次技能命中时，都将缩减撕裂之刃的冷却时间。,dak.gg api zh-CN + er-gamedata coefficient text
067-abigail-p-1067110,67,Abigail,艾比盖尔,Abigail,P,1067110,AbigailPassiveNormalAttack,None,아비게일 강화공격,1,false,false,0,,no_structured_extension_in_er-gamedata,,,er-gamedata zh-CN fallback
067-abigail-q-1067200,67,Abigail,艾比盖尔,Abigail,Q,1067200,AbigailActive1,None,二元自旋,5,true,false,0,,no_structured_extension_in_er-gamedata,艾比盖尔挥动镰刀。第一次旋转造成{2}(+技能增幅{3})技能伤害，第二次旋转造成{4}(+技能增幅{5})技能伤害。 施法二元自旋时，{0}秒间移动速度增加{1}。,无消耗 / 冷却7秒 艾比盖尔挥动镰刀。第一次旋转造成技能伤害，第二次旋转造成强化技能伤害。 施法二元自旋时，暂时增加移动速度。,dak.gg api zh-CN + er-gamedata coefficient text
067-abigail-w-1067300,67,Abigail,艾比盖尔,Abigail,W,1067300,AbigailActive2,None,时空交错,5,true,false,0,,no_structured_extension_in_er-gamedata,艾比盖尔割裂出一个扇形空间，造成{2}(+目标当前体力{3}(+技能增幅{4}))的技能伤害，命中时生成一个吸收{5}(+技能增幅{6})伤害的护盾，持续{1}秒。 命中多个敌人的情况下，每额外命中一个敌人，护盾增加{0}。(上限{7}) 同时对技能命中的敌人留下时空坐标标识。 艾比盖尔可以获得时空坐标标识对象的视野，持续{8}秒。,无消耗 / 冷却11秒 艾比盖尔割裂出一个扇形空间，造成技能伤害，命中时将生成一个吸收伤害的护盾。 命中多个敌人时，每额外命中一个敌人将增加一定的护盾量，持续一段时间。 对技能命中的敌人留下时空坐标标识。 时空坐标标识持续的时间内，艾比盖尔可以获得标识对象的视野。,dak.gg api zh-CN + er-gamedata coefficient text
067-abigail-e-1067400,67,Abigail,艾比盖尔,Abigail,E,1067400,AbigailActive3,None,维度跃迁,5,true,false,0,,no_structured_extension_in_er-gamedata,艾比盖尔透过维度裂痕瞬间移动至敌人周围的指定位置，造成{0}(+技能增幅{1})的技能伤害。 对留有时空坐标标识的目标使用时，将重置维度跃迁冷却。,无消耗 / 冷却13秒 艾比盖尔透过维度裂痕瞬间移动至敌人周围的指定位置，造成技能伤害。 对留有时空坐标标识的目标使用时，将重置维度跃迁冷却。,dak.gg api zh-CN + er-gamedata coefficient text
067-abigail-r-1067500,67,Abigail,艾比盖尔,Abigail,R,1067500,AbigailActive4,None,次元时空,3,true,false,0,,no_structured_extension_in_er-gamedata,艾比盖尔进入时空漩涡，{0}秒间处于无法指定目标的状态。 落地后造成{3}(+技能增幅{4})的技能伤害，{1}秒间移动速度减少{2}。 同时对技能命中的敌人留下时空坐标标识。 艾比盖尔可以获得时空坐标标识对象的视野，持续{8}秒。,无消耗 / 冷却80秒 艾比盖尔进入时空漩涡，一段时间内处于无法指定目标的状态。 落地后造成技能伤害，移动速度减少。 对技能命中的敌人留下时空坐标标识。 时空坐标标识持续的时间内，艾比盖尔可以获得标识对象的视野。,dak.gg api zh-CN + er-gamedata coefficient text
068-alonso-p-1068100,68,Alonso,阿隆索,Alonso,P,1068100,None,AlonsoPassive,等离子抗盾,3,true,false,0,,no_structured_extension_in_er-gamedata,阿隆索受到移动受损效果影响时，将在{0}秒间免疫移动受损效果。阿隆索在{1}秒间未承受伤害时，将再次激活该效果。 因阿隆索的技能对敌人实验体施加移动受损效果时，每位敌人能够使阿隆索恢复{10}(+体力上限{11})的体力。,无消耗 / 冷却18秒 阿隆索受到移动受损效果影响时，将暂时免疫移动受损效果。当阿隆索在一段时间内未承受伤害时，将再次激活该效果。 因阿隆索的技能对敌人实验体施加移动受损效果时，将恢复自身的体力。,dak.gg api zh-CN + er-gamedata coefficient text
068-alonso-q-1068200,68,Alonso,阿隆索,Alonso,Q,1068200,AlonsoActive1,None,磁石之握,5,true,false,0,,no_structured_extension_in_er-gamedata,阿隆索向前方抛出一记磁力拳造成{10}(+技能增幅{11})技能伤害，利用磁力将命中的敌人和自身连接在一起。 阿隆索移向连接的目标时，移动速度增加{1}。随着距离的靠近，最多可增加{2}的移动速度。 对连接起的敌人发起普攻时，将解除连接并造成(阿隆索每等级{12})(+目标体力上限{13})的技能伤害，同时敌人将陷入{3}秒的晕厥。,无消耗 / 冷却7秒 阿隆索向前方抛出一记磁力拳造成技能伤害，利用磁力将命中的敌人和自身连接在一起。 阿隆索移向连接的目标时，增加移动速度，距离越近移动速度越快。 对连接起的敌人发起普攻时，将解除连接、造成技能伤害并使敌人晕厥。,dak.gg api zh-CN + er-gamedata coefficient text
068-alonso-w-1068300,68,Alonso,阿隆索,Alonso,W,1068300,AlonsoActive2,None,磁盾光波,5,true,false,0,,no_structured_extension_in_er-gamedata,阿隆索生成一个抵御攻击的电磁盾牌，持续{0}秒。此时受到前方敌人的攻击时，承受伤害减少{1}。 盾牌共发射{2}次光波，每次造成{10}(+技能增幅{11})(+额外体力{12})技能伤害。投射体的发射间隔逐渐变短。 再次使用技能或持续时间结束时，造成{13}(+技能增幅{14})(+额外体力{15})技能伤害。,无消耗 / 冷却14秒 阿隆索生成一个抵御攻击的电磁盾牌，此时受到前方敌人的攻击时，承受的伤害减少。 盾牌发射出的光波能够造成技能伤害，并且发射光波的间隔逐渐变短。 再次使用技能或持续时间结束时，造成技能伤害。,dak.gg api zh-CN + er-gamedata coefficient text
068-alonso-e-1068400,68,Alonso,阿隆索,Alonso,E,1068400,AlonsoActive3,None,磁吸冲击,5,true,false,0,,no_structured_extension_in_er-gamedata,阿隆索指定目标并为其系上金属环。 之后向目标方向突进，造成{10}(+防御力{11})(+体力上限{12})技能伤害，使其陷入{1}秒的束缚。,无消耗 / 冷却14秒 阿隆索指定目标并为其系上金属环。 片刻后向目标方向突进，造成技能伤害并使其陷入束缚。,dak.gg api zh-CN + er-gamedata coefficient text
068-alonso-r-1068500,68,Alonso,阿隆索,Alonso,R,1068500,AlonsoActive4,None,磁吸漩涡,3,true,false,0,,no_structured_extension_in_er-gamedata,阿隆索轻拉周围的敌人造成{10}(+技能增幅{11})技能伤害。 片刻后汇集地面上的金属碎片，每{1}秒恢复{12}(+体力上限{13})的自身体力，对敌人造成{14}(+技能增幅{15})持续技能伤害，当敌人向区域范围外移动时，移动速度减少{4}。 再次使用技能或持续时间结束时，根据持续时间造成{16}(+技能增幅{17})(+额外体力{18}) ~ {19}(+技能增幅{20})(+额外体力{21})的技能伤害。,无消耗 / 冷却80秒 阿隆索轻拉周围的敌人造成技能伤害。 片刻后汇集地面上的金属碎片，恢复自身体力，对敌人造成持续技能伤害。当敌人向区域范围外移动时，敌人的移动速度将会变缓。 再次使用技能或持续时间结束时，根据持续时间造成成比例的技能伤害。,dak.gg api zh-CN + er-gamedata coefficient text
069-leni-p-1069100,69,Leni,雷妮,Leni,P,1069100,None,LeniPassive,熊熊出动！,3,true,false,0,,no_structured_extension_in_er-gamedata,当雷妮技能作用于队友实验体时，将为目标生成小熊。小熊持续{0}秒。 队友攻击命中敌人时，小熊将会离开并造成{1}(+ 雷妮等级 * {2})的额外技能伤害。 因小熊造成伤害时，将使雷妮的基本技能冷却时间缩减{3}秒。,无消耗 雷妮基本技能命中队友实验体时，将为目标生成小熊。 获得小熊的队友命中敌人时，小熊将会离开并造成额外的技能伤害。 因小熊造成伤害时，可以缩减雷妮的基本技能冷却。,dak.gg api zh-CN + er-gamedata coefficient text
069-leni-q-1069200,69,Leni,雷妮,Leni,Q,1069200,LeniActive1,None,胡萝卜火箭炮,5,true,false,0,,no_structured_extension_in_er-gamedata,雷妮发射胡萝卜火箭炮并稍微向后移动一点距离。胡萝卜发射至射程末端、命中敌人或作用于队友时将立即爆炸。爆炸范围内有队友或是敌人时，将分别激活下列效果。 敌人 : 造成 {0}(+ 雷妮等级 * {1})(+技能增幅{2})的技能伤害。 队友 : 恢复{3}(+ 雷妮等级 * {4})(+技能增幅{5})的体力。,无消耗 / 冷却11秒 雷妮发射胡萝卜火箭炮并稍微向后移动一点距离。胡萝卜发射至射程末端、命中敌人或作用于队友时将立即爆炸。 爆炸时将对敌人造成技能伤害或恢复队友体力。,dak.gg api zh-CN + er-gamedata coefficient text
069-leni-w-1069300,69,Leni,雷妮,Leni,W,1069300,LeniActive2,None,咻~ 弹跳锤！,5,true,false,0,,no_structured_extension_in_er-gamedata,雷妮跳至指定位置，用锤子敲击地面。对敌人及队友激活不同的效果。 敌人 : 造成{0}(+ 雷妮等级 * {1})(+技能增幅{2})的技能伤害，{6}秒间的移动速度减少。中央范围内命中的敌人移速减少{7}，外围命中的敌人移速减少{8}。 队友 : 移动速度在{9}秒内减少{10}后，将于{11}秒内增加{12}(+ 雷妮等级 * {13})移动速度。,无消耗 / 冷却15秒 雷妮跳至指定位置，用锤子敲击地面对敌人造成技能伤害并减少敌人的移动速度。命中中央范围时，将增加减少的移动速度。 命中队友时，移动速度将在短时间内减少后再次增加。,dak.gg api zh-CN + er-gamedata coefficient text
069-leni-e-1069400,69,Leni,雷妮,Leni,E,1069400,LeniActive3,None,欢迎喇叭,5,true,false,0,,no_structured_extension_in_er-gamedata,雷妮发射喇叭枪。对敌人及队友激活不同的效果。 敌人 : 造成{0}(+ 雷妮等级 * {1})(+技能增幅{2})技能伤害，并使其陷入{3}秒晕厥。 队友 : 获得护盾{4}(+ 雷妮等级 * {5})(+技能增幅{6})，护盾持续{7}秒。,无消耗 / 冷却9秒 雷妮发射喇叭枪，对敌人造成技能伤害并使敌人陷入一段时间的晕厥。 赋予队友护盾。,dak.gg api zh-CN + er-gamedata coefficient text
069-leni-r-1069500,69,Leni,雷妮,Leni,R,1069500,LeniActive4,None,小熊出没,3,true,false,0,,no_structured_extension_in_er-gamedata,雷妮设置弹簧陷阱。命中敌人时，造成{0}(+雷妮等级 * {1})(+技能增幅{2})技能伤害并将敌人沿指定方向击飞。 被击飞的敌人撞至墙壁时，将承受{5}(+技能增幅{7})(+目标体力上限{6})的技能伤害，{3}秒内的移动速度减少{4}。 雷妮位于弹簧陷阱上时，会咻~的一下飞起来！,无消耗 / 冷却20秒 雷妮设置弹簧陷阱。命中敌人时，造成技能伤害并将敌人沿指定方向击飞。 被击飞的敌人撞至墙壁时，将承受技能伤害且移动速度降低。 雷妮位于弹簧陷阱上时，会咻~的一下飞起来！,dak.gg api zh-CN + er-gamedata coefficient text
070-tsubame-p-1070100,70,Tsubame,燕翼,Tsubame,P,1070100,None,TsubamePassive,奥义 - 生死印记,3,true,false,0,,no_structured_extension_in_er-gamedata,燕翼普攻时将留下奥义 - 生死印记叠层，叠层持续{0}秒。当燕翼在叠层数量为{1}的情况下发起攻击时，将割裂奥义 - 生死印记叠层，造成{2}(+额外攻击力{3})(+目标体力上限{4}(+额外攻击力{5})%)的技能伤害。,无消耗 燕翼普攻时将留下奥义 - 生死印记叠层。当燕翼在达到叠层上限的情況下进行攻击时，将割裂奥义 - 生死印记叠层造成技能伤害。,dak.gg api zh-CN + er-gamedata coefficient text
070-tsubame-q-1070200,70,Tsubame,燕翼,Tsubame,Q,1070200,TsubameActive1,None,螺旋手里剑,5,true,false,0,,no_structured_extension_in_er-gamedata,燕翼向指定位置投掷三个手里剑，对路径上的敌人造成{5}(+攻击力的{6})技能伤害。 手里剑到达终点时将旋转，对命中的敌人造成{0}(+攻击力的{3})技能伤害，若敌人带有奥义 - 生死印记，将额外增加{4}个叠层。 被手里剑命中的敌人移动速度降低{2}，持续{1}秒。,无消耗 / 冷却7秒 燕翼向指定位置投掷三个手里剑，对路径上的敌人造成技能伤害。 手里剑到达终点时将旋转，对命中的敌人造成技能伤害，若敌人带有奥义 - 生死印记，将额外附加叠层。 被手里剑命中的敌人移动速度变缓。,dak.gg api zh-CN + er-gamedata coefficient text
070-tsubame-w-1070300,70,Tsubame,燕翼,Tsubame,W,1070300,TsubameActive2,TsubameActive2Passive,踏燕,5,true,false,0,,no_structured_extension_in_er-gamedata,燕翼步履轻快、迅捷前行，移动速度在增加{1}后，于{0}秒内逐渐复原，同时{2}秒间攻击速度增加{3}。,无消耗 / 冷却13秒 燕翼步履轻快、迅捷前行，移动速度在增加后逐渐复原，攻击速度增加。 普攻将缩减踏燕的冷却时间。,dak.gg api zh-CN + er-gamedata coefficient text
070-tsubame-e-1070400,70,Tsubame,燕翼,Tsubame,E,1070400,TsubameActive3_1,TsubameActive3Passive,雾隐之术,5,true,false,0,,no_structured_extension_in_er-gamedata,燕翼于自身所在位置留下木桩，向指定方向空中旋转并在{1}秒间保持隐身状态。空中旋转后{2}秒内可以再次使用技能。 再次使用 : 燕翼移至木桩所在之处并和木桩互换位置。,无消耗 / 冷却15秒 燕翼于自身所在位置留下木桩，向指定方向空中旋转、保持隐身状态。空中旋转后可以再次使用技能。 再次使用 : 燕翼移至木桩所在之处并和木桩互换位置。,dak.gg api zh-CN + er-gamedata coefficient text
070-tsubame-e-1070410,70,Tsubame,燕翼,Tsubame,E,1070410,TsubameActive3_2,TsubameActive3Passive,雾隐之术,5,false,false,0,,no_structured_extension_in_er-gamedata,,,er-gamedata zh-CN fallback
070-tsubame-r-1070500,70,Tsubame,燕翼,Tsubame,R,1070500,TsubameActive4,None,日车流暗杀术,3,true,false,0,,no_structured_extension_in_er-gamedata,燕翼向目标所在位置快速移动，对路径上的所有敌人造成{0}(+攻击力{5})的技能伤害。和目标已失体力成比例，伤害量最大可以增加至{1}。(目标体力为{2}时适用) 对奥义 - 生死印记达到{3}叠层的目标造成日车流暗杀术伤害时，将适用奥义 - 生死印记效果。 根据奥义 - 生死印记叠层，日车流暗杀术冷却时间减少{6}~{4}。,无消耗 / 冷却50秒 燕翼向目标所在位置快速移动，对路径上的所有敌人造成技能伤害。和目标已失体力成比例，增加伤害量。 对奥义 - 生死印记达到叠层上限的目标造成日车流暗杀术伤害时，将适用奥义 - 生死印记效果。 根据奥义 - 生死印记叠层，缩减日车流暗杀术冷却时间。 冷却固定 : 此技能不受冷却缩减影响。,dak.gg api zh-CN + er-gamedata coefficient text
071-kenneth-p-1071100,71,Kenneth,肯尼思,Kenneth,P,1071100,None,KennethPassive,暗火燃烧,3,true,false,0,,no_structured_extension_in_er-gamedata,肯尼思造成普攻或技能伤害时，将获得{1}个持续{0}秒的叠层。(叠层上限 : 5) 叠层达到{2}时，肯尼思的斧子开始燃烧，每次普攻或技能命中时造成目标体力上限{3}(+攻击力{4})%额外技能伤害。 肯尼思因该技能造成伤害时，将恢复伤害量{5}(+攻击力{6})%的体力。,无消耗 肯尼思使用普攻或技能造成伤害时，将获得持续一段时间的叠层。 达到叠层上限时，肯尼思的斧子开始燃烧，每次普攻或技能命中时，造成额外的技能伤害。 肯尼思因该技能造成伤害时，能够根据伤害量恢复一定的体力。,dak.gg api zh-CN + er-gamedata coefficient text
071-kenneth-q-1071200,71,Kenneth,肯尼思,Kenneth,Q,1071200,KennethActive1,None,烈焰一击,5,true,false,0,,no_structured_extension_in_er-gamedata,肯尼思大力挥动斧子，造成{0}(+ 攻击力{1})的技能伤害，使命中目标短暂悬空。 暗火燃烧达到叠层上限时 : 伤害量增加{2}，每命中1名敌人恢复{3}(最多{4})已失体力。,无消耗 / 冷却10秒 肯尼思大力挥动斧子，造成技能伤害，使命中的敌人暂时悬空。 暗火燃烧达到叠层上限时 : 伤害量增加，每命中1名敌人时恢复部分已失体力。,dak.gg api zh-CN + er-gamedata coefficient text
071-kenneth-w-1071300,71,Kenneth,肯尼思,Kenneth,W,1071300,KennethActive2,None,业火,5,true,false,0,,no_structured_extension_in_er-gamedata,肯尼思在{0}秒间燃烧周围的一切，承受伤害减少{1}(+攻击力{2})%。{3}秒间获得吸收{4}(+攻击力{5})伤害的护盾。 普攻命中时，该技能持续时间增加{6}秒。,无消耗 / 冷却14秒 肯尼思在一段时间内燃烧周围的一切，承受伤害减少。暂时获得吸收伤害的护盾。 普攻命中时，技能持续时间增加。,dak.gg api zh-CN + er-gamedata coefficient text
071-kenneth-e-1071400,71,Kenneth,肯尼思,Kenneth,E,1071400,KennethActive3,None,猛进,5,true,false,0,,no_structured_extension_in_er-gamedata,肯尼思向前突进，强化{0}秒间的普攻，攻击速度增加{1}，并将普攻造成暗火燃烧伤害量的{6}将转为真实伤害。 首次命中敌人时，造成{3}(+攻击力{4})的额外技能伤害，该技能冷却时间恢复{5}。,无消耗 / 冷却10秒 肯尼思向前突进，强化一段时间内的普攻，此时攻击速度增加，并将普攻造成暗火燃烧伤害量的一部分将转为真实伤害。 首次命中敌人时，造成额外技能伤害，该技能恢复部分冷却。,dak.gg api zh-CN + er-gamedata coefficient text
071-kenneth-r-1071500,71,Kenneth,肯尼思,Kenneth,R,1071500,KennethActive4,None,碎焰风暴,3,true,false,0,,no_structured_extension_in_er-gamedata,肯尼思向上挥动斧子造成{0}(+攻击力{1})的技能伤害。命中的敌人被卷入空中{2}秒并陷入晕眩，肯尼思旋转攻击造成{3}(+攻击力{4})的技能伤害，共{5}次。 此后，斧子下劈对落地点的敌人造成{6}(+攻击力{7})技能伤害，敌人悬空{8}秒。,无消耗 / 冷却80秒 肯尼思向上挥动斧子造成技能伤害。命中的敌人将被暂时卷入空中并陷入晕厥，承受肯尼思的空中旋转攻击伤害。 此后，斧子下劈对落地点的敌人造成技能伤害，敌人暂时悬空。,dak.gg api zh-CN + er-gamedata coefficient text
072-katja-p-1072100,72,Katja,卡缇娅,Katja,P,1072100,None,KatjaPassive,雾色死神,3,true,false,0,,no_structured_extension_in_er-gamedata,雾色死神 : 卡缇娅使用绝命狙击或灰色警戒技能时，{0}秒内发起的下次普攻造成{3}(+攻击力{4})的额外技能伤害。 赏金 : 卡缇娅点击参与击杀的敌人尸体时，可以获得荣誉值。,无消耗 雾色死神 : 卡缇娅使用绝命狙击或灰色警戒技能时，下一次普攻可以造成额外技能伤害。 赏金 : 卡缇娅点击参与击杀的敌人尸体时，可以获得一定数量的荣誉值。,dak.gg api zh-CN + er-gamedata coefficient text
072-katja-p-1072110,72,Katja,卡缇娅,Katja,P,1072110,KatjaPassiveAttack,None,카티야 강화 공격,1,false,false,0,,no_structured_extension_in_er-gamedata,,,er-gamedata zh-CN fallback
072-katja-q-1072200,72,Katja,卡缇娅,Katja,Q,1072200,KatjaActive1,None,绝命狙击,5,true,false,0,,no_structured_extension_in_er-gamedata,卡缇娅发射子弹，对首位命中的敌人造成{3}(+攻击力{4}) ~ {5}(+攻击力{6})的技能伤害。伤害量和子弹飞行距离成比例增加。命中时{7}秒内的攻击速度增加{8}。,无消耗 / 冷却7秒 卡缇娅发射子弹，对首位命中的敌人造成技能伤害。伤害量和子弹飞行距离成比例增加。命中时攻击速度增加。,dak.gg api zh-CN + er-gamedata coefficient text
072-katja-w-1072300,72,Katja,卡缇娅,Katja,W,1072300,KatjaActive2,KatjaActive2Passive,猫头鹰之眼,5,true,false,0,,no_structured_extension_in_er-gamedata,被动 : 无人机将代替卡缇娅和安全装置进行相互作用。 无人机飞向指定位置照亮视野，发射侦查飞镖弹。飞镖弹将持续{1}秒照亮侦查到的敌人实验体，并在达到目的地时形成波浪，使陷阱和监视器体力降至1。 波浪将在原地持续{2}秒，提供视野。,无消耗 / 冷却30秒 被动 : 无人机将代替卡缇娅和安全装置进行相互作用。 无人机飞向指定的位置照亮视野，发射侦查飞镖弹。飞镖弹将暂时照亮侦查到的实验体，并在达到目的地时形成波浪，使陷阱和监视器体力降至1。 波浪将在原地持续一段时间，提供视野。,dak.gg api zh-CN + er-gamedata coefficient text
072-katja-e-1072400,72,Katja,卡缇娅,Katja,E,1072400,KatjaActive3,None,灰色警戒,5,true,false,0,,no_structured_extension_in_er-gamedata,卡缇娅向前方发射子弹造成{4}(+攻击力{5})技能伤害并向后退。 被命中敌人的移动速度在{0}秒间减少{1}，卡缇娅的移动速度在{2}秒内增加{3}。,无消耗 / 冷却12秒 卡缇娅向前方发射子弹造成技能伤害并向后退。 被命中的敌人移动速度降低，此时卡缇娅的移动速度将会增加。,dak.gg api zh-CN + er-gamedata coefficient text
072-katja-r-1072500,72,Katja,卡缇娅,Katja,R,1072500,KatjaActive4,None,暗影终结,3,true,false,0,,no_structured_extension_in_er-gamedata,卡缇娅使用无人机扫描指定位置。此时按照由近到远的顺序向被扫描到的敌人实验体各发射一发子弹，造成技能伤害，最多可以向{2}位敌人发射子弹。伤害随着射击次数增加而增加。 路径上其他敌人实验体可能会代替被射击的目标承受攻击。 第一发 : 造成{0}(+攻击力{1})技能伤害 第二发 : 造成{4}(+攻击力{5})技能伤害 第三发: 造成{6}(+攻击力{7})技能伤害,无消耗 / 冷却80秒 卡缇娅使用无人机扫描指定位置。此时按照由近到远的顺序向被扫描到的敌人实验体各发射一发子弹，造成技能伤害。 路径上其他敌人实验体可能会代替被射击的目标承受攻击。,dak.gg api zh-CN + er-gamedata coefficient text
073-charlotte-p-1073100,73,Charlotte,夏洛特,Charlotte,P,1073100,None,CharlottePassive,圣洁之心,3,true,false,0,,no_structured_extension_in_er-gamedata,每当夏洛特周围的队友因敌人攻击导致体力减少{0}时，夏洛特将获得圣洁之心叠层，每个叠层使恢复及护盾效果增加{1}。 叠层上限 : {2},无消耗 每当夏洛特周围的队友因敌人攻击导致体力减少时，夏洛特将获得圣洁之心叠层，每个叠层增加恢复及护盾效果。,dak.gg api zh-CN + er-gamedata coefficient text
073-charlotte-q-1073200,73,Charlotte,夏洛特,Charlotte,Q,1073200,CharlotteActive1,None,幻影流光,5,true,false,0,,no_structured_extension_in_er-gamedata,夏洛特在指定位置释放一个持续{0}秒的光球。光球将飞向范围内最近的敌人并附着在敌人身上。一段时间后，光球将爆炸造成{2}(+技能增幅{6})的技能伤害，使敌人在{3}秒内移动速度减少{4}。敌人的移动速度将在接下来的{5}秒内逐渐恢复。,无消耗 / 冷却8秒 夏洛特在指定位置释放一个持续一段时间的光球。光球将飞向范围内最近的敌人并附着在其身上。一段时间后，光球将爆炸造成技能伤害，使敌人在一段时间内的移动速度变缓。减少移动速度将在一段时间内恢复。,dak.gg api zh-CN + er-gamedata coefficient text
073-charlotte-w-1073300,73,Charlotte,夏洛特,Charlotte,W,1073300,CharlotteActive2,None,月光祈愿,5,true,false,0,,no_structured_extension_in_er-gamedata,夏洛特释放治愈之光，使体力百分比最低的队友和自身体力恢复{0}(+技能增幅{1})。,无消耗 / 冷却8秒 夏洛特释放治愈之光，使体力百分比最低的队友和自身恢复体力。,dak.gg api zh-CN + er-gamedata coefficient text
073-charlotte-e-1073400,73,Charlotte,夏洛特,Charlotte,E,1073400,CharlotteActive3,None,希望的轨迹,5,true,false,0,,no_structured_extension_in_er-gamedata,夏洛特以无法指定目标的状态移动到指定的队友实验体身边，赋予自身和队友{1}(+技能增幅{2})的护盾，护盾持续{0}秒。 对自身施法此技能时，夏洛特无需移动就能立即获得护盾。,无消耗 / 冷却9秒 夏洛特以无法指定目标的状态移动到指定的队友实验体身边，赋予自身和队友护盾。 对自身施法此技能时，夏洛特无需移动就能立即获得护盾。,dak.gg api zh-CN + er-gamedata coefficient text
073-charlotte-r-1073500,73,Charlotte,夏洛特,Charlotte,R,1073500,CharlotteActive4,CharlotteActive4Passive,奇迹降临,3,true,false,0,,no_structured_extension_in_er-gamedata,被动 : 技能增幅增加{2}。 夏洛特创造了奇迹。{0}秒后使周围队友进入无敌状态，持续{1}秒。,无消耗 / 冷却80秒 被动 : 增加技能增幅。 夏洛特创造了奇迹。一段时间后使周围队友暂时进入无敌状态。,dak.gg api zh-CN + er-gamedata coefficient text
074-darko-p-1074100,74,Darko,达尔科,Darko,P,1074100,None,DarkoPassive,抵押,3,true,false,0,,no_structured_extension_in_er-gamedata,达尔科进行普攻时，将在{0}秒内窃取目标{1}防御力。,无消耗 / 冷却8秒 达尔科普攻将窃取目标防御力。,dak.gg api zh-CN + er-gamedata coefficient text
074-darko-q-1074200,74,Darko,达尔科,Darko,Q,1074200,DarkoActive1,None,天价利息,5,true,false,0,,no_structured_extension_in_er-gamedata,达尔科向着敌人实验体移动时，移动速度增加{1}，持续{0}秒。 达尔科下一次普攻造成{5}(+攻击力{6})(+目标体力上限{2})的额外技能伤害，并赋予目标持续{3}秒的标记。对带有标记的目标施法该技能时，伤害量增加{4}。,无消耗 / 冷却3秒 达尔科向着敌人实验体移动时，移动速度增加。 达尔科下一次普攻将造成额外技能伤害，并赋予目标标记。对带有标记的目标施法此技能时，造成伤害量增加。,dak.gg api zh-CN + er-gamedata coefficient text
074-darko-q-1074210,74,Darko,达尔科,Darko,Q,1074210,DarkoActive1Attack,None,다르코 Q - 강화 기본 공격,1,false,false,0,,no_structured_extension_in_er-gamedata,,,er-gamedata zh-CN fallback
074-darko-w-1074300,74,Darko,达尔科,Darko,W,1074300,DarkoActive2,None,催缴,5,true,false,0,,no_structured_extension_in_er-gamedata,达尔科获得吸收{5}(+攻击力{6})伤害的护盾，并在{0}秒间使周围敌人实验体的移动速度减少{1}。 达尔科每命中一位敌人实验体时，可以额外获得体力上限{2}，并窃取目标{4}攻击力，持续{3}秒。,无消耗 / 冷却9秒 达尔科获得吸收伤害的护盾，并使周围敌人实验体的移动速度减缓。 每命中一位敌人实验体时，达尔科额外获得护盾，并窃取目标攻击力。,dak.gg api zh-CN + er-gamedata coefficient text
074-darko-e-1074400,74,Darko,达尔科,Darko,E,1074400,DarkoActive3,None,债务深渊,5,true,false,0,,no_structured_extension_in_er-gamedata,达尔科突进后猛击地面，对敌人们造成{1}(+攻击力{2})技能伤害，并使其悬空{0}秒。,无消耗 / 冷却14秒 达尔科突进后猛击地面，对敌人们造成技能伤害，并使其悬空。,dak.gg api zh-CN + er-gamedata coefficient text
074-darko-r-1074500,74,Darko,达尔科,Darko,R,1074500,DarkoActive4,None,强制执行,3,true,false,0,,no_structured_extension_in_er-gamedata,达尔科抓住敌人实验体并压制目标后，将拖拽目标并将其摔倒在地。 对周围敌人们造成{3}(+攻击力{4})(+被拖拽目标的体力上限{2})技能伤害，并使其{0}秒内的移动速度减少{1}。,无消耗 / 冷却90秒 达尔科抓住敌人实验体并压制目标后，将拖拽目标并将其摔倒在地。 对周围敌人们造成技能伤害，减少其移动速度。,dak.gg api zh-CN + er-gamedata coefficient text
075-lenore-p-1075100,75,Lenore,莉诺尔,Lenore,P,1075100,None,LenorePassive,苦痛之律,3,true,false,0,,no_structured_extension_in_er-gamedata,被动 :莉诺尔将悲鸣叠层转换为渐快叠层。每个渐快叠层可以使冷却缩减增加{4}，最多可以增加至{7}。因渐快叠层所增加的冷却缩减达到{7}后，此后每获得一个渐快叠层，将使终极技能冷却缩减增加{8}。 苦痛之律 : 当莉诺尔对体力低于{0}的实验体造成技能伤害时，将造成{1}(+技能增幅{2})(每个悲鸣叠层伤害量+{3})的额外技能伤害并增加悲鸣叠层。每隔{5}秒可以对同一敌人实验体适用此效果。 颤音 : 每当莉诺尔第三次使用基本技能时，该技能都将得到强化。,无消耗 被动 : 莉诺尔将悲鸣叠层转换为渐快叠层。每个渐快叠层将增加冷却缩减。因渐快叠层增加的冷却缩减达到一定数值后，此后获得的渐快叠层将增加终极技能冷却缩减。 苦痛之律 : 当莉诺尔对体力较低的实验体造成技能伤害时，将造成额外技能伤害并增加悲鸣叠层。作用于同一敌人实验体时，需要一定的时间间隔才能再次生效。 颤音 : 每当莉诺尔第三次使用基本技能时，该技能都将得到强化。,dak.gg api zh-CN + er-gamedata coefficient text
075-lenore-q-1075200,75,Lenore,莉诺尔,Lenore,Q,1075200,LenoreActive1,None,断奏,5,true,false,0,,no_structured_extension_in_er-gamedata,莉诺尔的演奏开始，向指定方向释放{0}次声波，每个声波可以对第一个击中敌人的周围造成{1}(+技能增幅{2})技能伤害。 强化效果 : 伤害量增加{3}。,无消耗 / 冷却7秒 莉诺尔通过不断地演奏发射声波，每个声波将对第一个击中的敌人周围造成技能伤害。 强化效果 : 增加伤害量。,dak.gg api zh-CN + er-gamedata coefficient text
075-lenore-w-1075300,75,Lenore,莉诺尔,Lenore,W,1075300,LenoreActive2,None,曲终,5,true,false,0,,no_structured_extension_in_er-gamedata,莉诺尔获得吸收{1}(+技能增幅{2})伤害的护盾，持续{0}秒，对周围敌人造成 {3}(+技能增幅{4})技能伤害并束缚敌人{5}秒。 强化效果 : 护盾量增加{6}，{7}秒內莉诺尔的移动速度增加{8}。,无消耗 / 冷却12秒 莉诺尔获得能够吸收伤害的护盾，对周围敌人造成技能伤害并束缚敌人。 强化效果 : 增加护盾量和莉诺尔的移动速度。,dak.gg api zh-CN + er-gamedata coefficient text
075-lenore-e-1075400,75,Lenore,莉诺尔,Lenore,E,1075400,LenoreActive3,None,连续记号,5,true,false,0,,no_structured_extension_in_er-gamedata,莉诺尔对范围内的敌人造成{0}(+技能增幅{1})技能伤害，并将敌人拖拽向中心。 强化效果 : 被拖拽向中间的敌人移动速度减少{3}，持续{2}秒并随时间流逝慢慢恢复。,无消耗 / 冷却15秒 莉诺尔对范围内的敌人造成技能伤害，并将敌人拖拽向中心。 强化效果 : 被拖拽向中间的敌人移动速度减少。,dak.gg api zh-CN + er-gamedata coefficient text
075-lenore-r-1075500,75,Lenore,莉诺尔,Lenore,R,1075500,LenoreActive4,None,天鹅狂想曲,3,true,false,0,,no_structured_extension_in_er-gamedata,莉诺尔开始梦幻般的表演，对命中的敌人释放持续{0}秒的声波。这些命中的声波范围会逐渐扩大，每{1}秒对范围内所有的敌人造成{2}(+技能增幅{3})的技能伤害，叠加移动速度减少{4}的效果。（最多叠加{5}次） 持续时间结束后，对范围内的全部敌人造成{6}(+技能增幅{7})技能伤害，使敌人陷入{8}秒的精神失常状态，对附近对象发起普攻。,无消耗 / 冷却90秒 莉诺尔开始梦幻般的表演，并向命中的敌人释放持续一段时间的声波。这些命中的声波范围会逐渐扩大，对范围内所有的敌人造成持续的技能伤害，并叠加移动速度减少效果。 持续时间结束后，对范围内的全部敌人造成技能伤害，使其陷入精神失常状态，处于精神失常状态的敌人将对周围对象发起普攻。,dak.gg api zh-CN + er-gamedata coefficient text
076-garnet-p-1076100,76,Garnet,盖瑞特,Garnet,P,1076100,None,GarnetPassive,痛楚再临,3,true,false,0,,no_structured_extension_in_er-gamedata,盖瑞特早已习惯了疼痛，承受的普攻伤害减少{0}(+技能增幅{1})(+体力上限{2})。,无消耗 盖瑞特早已习惯了疼痛，承受的普攻伤害减少。,dak.gg api zh-CN + er-gamedata coefficient text
076-garnet-q-1076200,76,Garnet,盖瑞特,Garnet,Q,1076200,GarnetActive1_1,None,重击&尖刺,5,true,false,0,,no_structured_extension_in_er-gamedata,盖瑞特举起武器向下猛击，对范围内的敌人造成{0}(+技能增幅{1})(+体力上限{2})技能伤害，使其{3}秒内移动速度减少{4}。命中敌人时，盖瑞特可以在{5}秒内再次使用技能。 再次使用技能 : 地面上的指定位置生成尖刺，对范围内的敌人造成{6}(+技能增幅{7})(+体力上限{8})技能伤害。,当前体力 2% / 冷却6秒 盖瑞特举起武器向下猛击，对范围内的敌人造成技能伤害，使其移动速度变缓。命中敌人时，盖瑞特可以在一段时间内再次使用技能。 再次使用技能 : 地面上的指定位置生成尖刺，对范围内的敌人造成技能伤害。,dak.gg api zh-CN + er-gamedata coefficient text
076-garnet-q-1076210,76,Garnet,盖瑞特,Garnet,Q,1076210,GarnetActive1_2,None,重击&尖刺,5,true,false,0,,no_structured_extension_in_er-gamedata,盖瑞特举起武器向下猛击，对范围内的敌人造成{0}(+技能增幅{1})(+体力上限{2})技能伤害，使其{3}秒内移动速度减少{4}。命中敌人时，盖瑞特可以在{5}秒内再次使用技能。 再次使用技能 : 地面上的指定位置生成尖刺，对范围内的敌人造成{6}(+技能增幅{7})(+体力上限{8})技能伤害。,盖瑞特举起武器向下猛击，对范围内的敌人造成{0}技能伤害，使其{1}秒内移动速度减少{2}。命中敌人时，盖瑞特可以在{3}秒内再次使用技能。 再次使用技能 : 地面上的指定位置生成尖刺，对范围内的敌人造成{4}技能伤害。,er-gamedata zh-CN fallback
076-garnet-w-1076300,76,Garnet,盖瑞特,Garnet,W,1076300,GarnetActive2,None,压抑之痛,5,true,false,0,,no_structured_extension_in_er-gamedata,被动 : 每当盖瑞特使用除压抑之痛之外的基本技能时，可以获得[痛苦]叠层。技能结束时，将消耗所有持有的[痛苦]叠层，每个叠层可以使重击&尖刺、扭曲的执念冷却时间减少{0}秒。 开始蓄能 : 蓄能期间无法移动，{1}秒间承受伤害减少{2}，持续期间每{17}秒体力恢复已失体力{3}。 蓄能结束 : 对范围内的敌人造成{4}(+技能增幅{5})(+体力上限{6}) ~ {7}(+技能增幅{8})(+体力上限{9})的技能伤害，使其移动速度在{10}秒间减少{11}。达到蓄能上限时，目标将陷入{12}秒的束缚状态。盖瑞特恢复{13}(+技能增幅{14})(+体力上限{15})(+每消耗一个痛苦叠层{16})体力。,无消耗 / 冷却14秒 被动 : 每当盖瑞特使用除压抑之痛之外的基本技能时，可以获得[痛苦]叠层。技能结束时，将消耗所有持有的[痛苦]叠层，根据叠层数缩减重击&尖刺、扭曲的执念的冷却时间。 蓄能结束 : 蓄能期间无法移动，一段时间内承受伤害减少，持续期间内可以恢复体力。 蓄能结束 : 根据蓄能时间，对范围内的敌人造成技能伤害，同时使其移动速度变缓。达到蓄能上限时，将束缚目标。盖瑞特恢复体力。,dak.gg api zh-CN + er-gamedata coefficient text
076-garnet-e-1076400,76,Garnet,盖瑞特,Garnet,E,1076400,GarnetActive3Point,None,扭曲的执念,5,true,false,0,,no_structured_extension_in_er-gamedata,盖瑞特向指定方向冲出，对首个冲撞目标造成{0}(+技能增幅{1})(+体力上限{2})技能伤害并使其晕厥{3}秒。,当前体力 2% / 冷却12秒 盖瑞特向指定方向冲出，对首个冲撞目标造成技能伤害并使其晕厥。,dak.gg api zh-CN + er-gamedata coefficient text
076-garnet-e-1076410,76,Garnet,盖瑞特,Garnet,E,1076410,GarnetActive3,None,가넷 E,5,false,false,0,,no_structured_extension_in_er-gamedata,,,er-gamedata zh-CN fallback
076-garnet-r-1076500,76,Garnet,盖瑞特,Garnet,R,1076500,GarnetActive4,None,处刑式,3,true,false,0,,no_structured_extension_in_er-gamedata,盖瑞特向指定的方向投掷铁链，第一个被命中的敌人实验体将陷入{0}秒的束缚状态，盖瑞特将对命中的敌人实验体造成{1}(+技能增幅{2})(+目标当前体力{3})的技能伤害，并赋予敌人持续{4}秒的标记。持续时间内目标的体力降至{5}以下时，盖瑞特可以再次施法技能。 再次使用时 : 盖瑞特用铁链拖住目标，并将目标和自身一同困在铁处女中进行处决。盖瑞特离开铁处女时移动速度增加{7}，持续{6}秒。,无消耗 / 冷却80秒 盖瑞特向指定的方向投掷铁链，首个被命中的敌人实验体陷入短暂的束缚状态，盖瑞特将对命中的敌人实验体造成技能伤害，并赋予敌人持续一段时间的标记。持续时间内目标的体力降至一定以下时，盖瑞特可以再次施法技能。 再次使用时 : 盖瑞特用铁链拖住目标，并将目标和自身一同困在铁处女中。盖瑞特离开铁处女时，一段时间内的移动速度增加。,dak.gg api zh-CN + er-gamedata coefficient text
076-garnet-r-1076510,76,Garnet,盖瑞特,Garnet,R,1076510,GarnetActive4_2,None,处刑式,3,true,false,0,,no_structured_extension_in_er-gamedata,盖瑞特向指定的方向投掷铁链，第一个被命中的敌人实验体将陷入{0}秒的束缚状态，盖瑞特将对命中的敌人实验体造成{1}(+技能增幅{2})(+目标当前体力{3})的技能伤害，并赋予敌人持续{4}秒的标记。持续时间内目标的体力降至{5}以下时，盖瑞特可以再次施法技能。 再次使用时 : 盖瑞特用铁链拖住目标，并将目标和自身一同困在铁处女中。盖瑞特离开铁处女时移动速度增加{7}，持续{6}秒。,盖瑞特向指定的方向投掷铁链，第一个被命中的敌人实验体将陷入{0}秒的束缚状态，盖瑞特将对命中的敌人实验体造成{1}(+目标当前体力{2})的技能伤害，并赋予敌人持续{3}秒的标记。持续时间内目标的体力降至{4}以下时，盖瑞特可以再次施法技能。 再次使用时 : 盖瑞特用铁链拖住目标，并将目标和自身一同困在铁处女中。盖瑞特离开铁处女时移动速度增加{6}，持续{5}秒。,er-gamedata zh-CN fallback
077-yu-min-p-1077100,77,YuMin,俞岷,Yumin,P,1077100,None,YuMinPassive,道行,3,true,false,0,,no_structured_extension_in_er-gamedata,俞岷在风之领域内时，移动速度增加{0}。 俞岷在风之领域内施法风行诀或风刃时，风之领域将消失不见、俞岷可以获得吸收{2}(+技能增幅{3})伤害的护盾，护盾持续{1}秒。,无消耗 俞岷在风之领域内时，移动速度增加。 俞岷在风之领域内施法风行诀或风刃时，风之领域将消失不见、俞岷可以暂时获得吸收伤害的护盾。,dak.gg api zh-CN + er-gamedata coefficient text
077-yu-min-q-1077200,77,YuMin,俞岷,Yumin,Q,1077200,YuMinActive1_1,None,风行诀,5,true,false,0,,no_structured_extension_in_er-gamedata,俞岷释放三重风击，每重风击将对路径上的敌人造成{2}(+技能增幅{3})技能伤害。从第二个命中目标开始，每重风击造成{0}的伤害。 俞岷在风之领域内施法此技能时，将释放出更强的风。风飞行到射程的末端或击中敌人时将形成持续{6}秒的旋风，每{1}秒对敌人造成{4}(+技能增幅{5})技能伤害。,无消耗 / 冷却7秒 俞岷释放三重风击，对路径上的敌人造成技能伤害。从第二个被命中目标开始，每重风击造成的伤害减少。 俞岷在风之领域内施法此技能时，将释放出更强的风。风飞行到射程的末端或击中敌人时将形成旋风，对敌人造成技能伤害。,dak.gg api zh-CN + er-gamedata coefficient text
077-yu-min-q-1077210,77,YuMin,俞岷,Yumin,Q,1077210,YuMinActive1_2,None,风行诀 - 风之领域,5,false,false,0,,no_structured_extension_in_er-gamedata,,,er-gamedata zh-CN fallback
077-yu-min-w-1077300,77,YuMin,俞岷,Yumin,W,1077300,YuMinActive2_1,None,风刃,5,true,false,0,,no_structured_extension_in_er-gamedata,俞岷掀起疾风，对敌人造成{2}(+技能增幅{3})技能伤害，并使其{0}秒内移动速度降低{1}。 当俞岷在风之领域内施放此技能时，疾风会变得更加猛烈，对敌人造成{4}(+技能增幅{5})的技能伤害的同时将其击退。,无消耗 / 冷却9秒 俞岷掀起疾风，对敌人造成技能伤害并降低其移动速度。 当俞岷在风之领域范围内施放此技能时，疾风会变得更加猛烈，对敌人造成技能伤害的同时将敌人击退。,dak.gg api zh-CN + er-gamedata coefficient text
077-yu-min-w-1077310,77,YuMin,俞岷,Yumin,W,1077310,YuMinActive2_2,None,风刃 - 风之领域,5,false,false,0,,no_structured_extension_in_er-gamedata,,,er-gamedata zh-CN fallback
077-yu-min-e-1077400,77,YuMin,俞岷,Yumin,E,1077400,YuMinActive3,YuMinActive3Passive,径云,5,true,false,0,,no_structured_extension_in_er-gamedata,被动 : 技能命中时冷却时间缩短{0}秒。 俞岷跃向指定位置，生成持续{1}秒的风之领域。 到达目标位置后向附近{2}名敌人释放云团，造成{3}(+技能增幅{4})的技能伤害。,无消耗 / 冷却11秒 被动 : 技能命中时缩减冷却时间。 俞岷跃向指定位置，生成持续一段时间的风之领域。 到达目标位置后，向附近敌人释放云团并造成技能伤害。 冷却固定 : 不受冷却缩减属性影响。,dak.gg api zh-CN + er-gamedata coefficient text
077-yu-min-r-1077500,77,YuMin,俞岷,Yumin,R,1077500,YuMinActive4,None,风流云散,3,true,false,0,,no_structured_extension_in_er-gamedata,俞岷从空中召唤仙鹤，对敌人造成{3}(+技能增幅{4})的技能伤害，使其{0}秒内的移动速度减少{1}。 1秒后，仙鹤再次飞起，对敌人造成{5}(+技能增幅{6})(+目标体力上限{7})的技能伤害，并使其悬空{2}秒。,无消耗 / 冷却80秒 俞岷从空中召唤仙鹤，对敌人造成技能伤害并降低其移动速度。 1秒后，仙鹤再次飞起，对敌人造成技能伤害并使其悬空。,dak.gg api zh-CN + er-gamedata coefficient text
078-hisui-p-1078100,78,Hisui,翡翠,Hisui,P,1078100,None,HisuiPassive,剑之记忆,3,true,false,0,,no_structured_extension_in_er-gamedata,被动 : 翡翠普攻不受额外攻击速度效果影响，普攻攻速随等级提升，每级增加{0}。同时，翡翠每获得1%的额外攻击速度，就可以将攻击力的{1}转换为额外攻击力。 翡翠每次使用技能时，可以获得持续{6}秒的剑之记忆叠层。（叠层上限 : {7}） 普攻将消耗剑之记忆叠层，并减少{2}连斩、月轮斩的冷却时间，自身{3}秒内的移动速度增加{4}。 额外攻击速度 : {5} 额外获得攻击力 : {8},无消耗 被动 : 翡翠普攻不受额外攻击速度效果影响，根据翡翠的等级增加普攻攻速。同时，翡翠能将额外攻击速度转化为额外攻击力。 翡翠每次使用技能时，可以获得剑之记忆叠层。 普攻将消耗剑之记忆叠层，并减少连斩、月轮斩的冷却时间，增加自身移动速度。,dak.gg api zh-CN + er-gamedata coefficient text
078-hisui-q-1078200,78,Hisui,翡翠,Hisui,Q,1078200,HisuiActive1,None,连斩,5,true,false,0,,no_structured_extension_in_er-gamedata,翡翠拔出打刀，对目标造成{0}(+额外攻击力{1})的技能伤害。随后向下挥动打刀，造成{2}(+额外攻击力{3})的技能伤害，并使目标在{5}秒内的移动速度减少{4}。,无消耗 / 冷却10秒 翡翠拔出打刀，对目标造成技能伤害。随后向下挥动打刀，造成技能伤害并使目标移动速度变缓。 冷却固定 : 不受冷却缩减属性影响。,dak.gg api zh-CN + er-gamedata coefficient text
078-hisui-w-1078300,78,Hisui,翡翠,Hisui,W,1078300,HisuiActive2_1,None,居合一闪,5,true,false,0,,no_structured_extension_in_er-gamedata,被动 : 翡翠在技能命中时，可以获得居合叠层。根据居合叠层数，翡翠可以使用不同的技能，未持有居合叠层的情况下无法使用技能。 1叠层 - 一刀两断 : 翡翠拔刀对敌人造成{0}(+额外攻击力{1})技能伤害，纳刀时对相同范围再次造成{2}(+额外攻击力{3})(+目标体力上限{4})的技能伤害。拔刀命中敌人时，翡翠可以获得{5}(+额外攻击力{6})的护盾，根据命中的实验体数护盾量增加{7}。 2叠层 - 一闪 : 翡翠对路径上的所有敌人造成{8}(+额外攻击力{9})技能伤害，并移至路径上最后一位敌人身后，对其造成{10}(+额外攻击力{11})的技能伤害、使目标悬空{12}秒。 3叠层 - 日轮乱舞 : 翡翠进入无法被指定为目标的状态，并对范围内的敌人造成{13}(+额外攻击力{14})技能伤害，共进行{15}（和额外攻击速度成比例，最多{16}次）次，自身体力恢复造成伤害量的{17}。随后以终结攻击对敌人造成{18}(+额外攻击力{19})技能伤害，并恢复造成伤害量{20}的体力。,无消耗 被动 : 翡翠在技能命中时，可以获得居合叠层。根据居合叠层数，翡翠可以使用不同的技能，未持有叠层的情况下无法使用。 1叠层 - 一刀两断 : 翡翠拔刀对敌人造成技能伤害，纳刀时对相同范围再次造成技能伤害。拔刀命中敌人时，翡翠可以获得护盾，并根据命中的实验体数增加护盾量。 2叠层 - 一闪 : 翡翠对路径上的所有敌人造成技能伤害，并移至路径上最后一位敌人身后，对其造成技能伤害、使目标悬空。 3叠层 - 日轮乱舞 : 翡翠进入无法被指定为目标的状态，并对范围内的敌人造成多次技能伤害，翡翠可以根据造成的伤害恢复自身体力。随后以终结攻击对敌人造成技能伤害，并根据造成的伤害恢复部分体力。,dak.gg api zh-CN + er-gamedata coefficient text
078-hisui-w-1078310,78,Hisui,翡翠,Hisui,W,1078310,HisuiActive2_2,None,居合一闪,5,false,false,0,,no_structured_extension_in_er-gamedata,,,er-gamedata zh-CN fallback
078-hisui-w-1078320,78,Hisui,翡翠,Hisui,W,1078320,HisuiActive2_3,None,居合一闪,5,false,false,0,,no_structured_extension_in_er-gamedata,,,er-gamedata zh-CN fallback
078-hisui-e-1078400,78,Hisui,翡翠,Hisui,E,1078400,HisuiActive3,None,月轮斩,5,true,false,0,,no_structured_extension_in_er-gamedata,翡翠向后闪避、迅速调整姿势，并拔出胁差向前移动，对路径上的敌人以及目的地的敌人造成{0}(+额外攻击力{1})技能伤害。,无消耗 / 冷却15秒 翡翠向后闪避、迅速调整姿势，拔出胁差向前移动，对路径上的敌人以及目的地的敌人造成技能伤害。 冷却固定 : 不受冷却缩减属性影响。,dak.gg api zh-CN + er-gamedata coefficient text
078-hisui-r-1078500,78,Hisui,翡翠,Hisui,R,1078500,HisuiActive4_1,None,物干焯 / 燕返,3,true,false,0,,no_structured_extension_in_er-gamedata,翡翠拔出物干焯，{0}秒内普攻射程增加{1}，并在每次造成普攻和技能伤害时对敌人造成{2}(+额外攻击力{3})的额外伤害。技能激活期间，翡翠可以再次使用技能。 再次使用时 : 翡翠调整姿势，向前方挥砍两次，每次造成{4}(+额外攻击力{5})技能伤害，并使敌人{6}秒内的移动速度降低{7}。随后向中央区域发起斩击，对敌人造成额外攻击力{8}(+目标体力上限{9})的真实伤害并处决体力低于{10}的敌人。,无消耗 / 冷却65秒 翡翠拔出物干焯，增加普攻射程，并在造成普攻和技能伤害时对敌人造成额外伤害。技能激活期间，翡翠可以再次使用技能。 再次使用时 : 翡翠调整姿势，向前方挥砍两次，每次造成技能伤害并降低敌人的移动速度。随后向中央区域发起斩击，对敌人造成真实伤害并处决体力较低的敌人。,dak.gg api zh-CN + er-gamedata coefficient text
078-hisui-r-1078510,78,Hisui,翡翠,Hisui,R,1078510,HisuiActive4_2,None,物干焯 / 燕返,3,false,false,0,,no_structured_extension_in_er-gamedata,,,er-gamedata zh-CN fallback
079-justyna-p-1079100,79,Justyna,尤斯蒂娜,Justyna,P,1079100,None,JustynaPassive,阿斯特拉能量,3,true,false,0,,no_structured_extension_in_er-gamedata,尤斯蒂娜最多可以持有{5}的能量，施法连环炮击&歼灭炮击和迅影时将消耗能量。每{6}秒恢复{7}能量，当能量低于{8}时尤斯蒂娜将进入再充能状态。 再充能状态 : 尤斯蒂娜无法使用基本技能，{9}秒内逐渐恢复能量。 罪恶终结 : 尤斯蒂娜对带有标记的目标造成技能伤害时，将消耗标记并造成{0}(+技能增幅{1})的额外技能伤害，同时将伤害转移至周围敌人。转移的伤害对带有标记的目标造成额外技能伤害的{2}，对没有标记的目标造成{3}的伤害。每次标记被移除时，尤斯蒂娜将恢复{4}能量。,无消耗 尤斯蒂娜拥有特殊的能量，施法连环炮击&歼灭炮击和迅影技能时将消耗能量。每隔一段时间可以恢复能量，当能量低于特定数值时将进入再充能状态。 再充能状态 : 尤斯蒂娜无法使用基本技能，并在一段时间内逐渐恢复能量。 罪恶终结 : 尤斯蒂娜对带有标记的目标造成技能伤害时，将消耗标记并造成额外技能伤害，同时将伤害转移至周围敌人。转移的伤害对带有标记的目标造成额外技能伤害的100%，对没有标记的目标造成50%的伤害。每次标记被移除时，尤斯蒂娜将恢复能量。通过野生动物获得的恢复效果有所降低。,dak.gg api zh-CN + er-gamedata coefficient text
079-justyna-q-1079200,79,Justyna,尤斯蒂娜,Justyna,Q,1079200,JustynaActive1_1,None,连环炮击&歼灭炮击,5,true,false,0,,no_structured_extension_in_er-gamedata,尤斯蒂娜朝指定方向发射两次能量，每次造成{0}(+技能增幅{1})的技能伤害。尤斯蒂娜可以在{2}秒内再次施法技能。 再次施法 : 朝指定方向发射强力能量、造成{3}(+技能增幅{4})技能伤害的同时使目标{5}秒内的移动速度降低{6}。 此技能命中敌人时，可以使聚能炮击的冷却时间减少{7}秒。,资源消耗量 50 / 冷却1秒 尤斯蒂娜朝指定方向发射两次能量，造成技能伤害。尤斯蒂娜可以在一定时间内再次施法技能。 再次施法 : 朝指定方向发射强力能量、造成技能伤害的同时使目标一段时间内的移动速度降低。 此技能命中敌人时，可以减少聚能炮击的冷却时间。,dak.gg api zh-CN + er-gamedata coefficient text
079-justyna-q-1079210,79,Justyna,尤斯蒂娜,Justyna,Q,1079210,JustynaActive1_2,None,连环炮击&歼灭炮击,5,false,false,0,,no_structured_extension_in_er-gamedata,,,er-gamedata zh-CN fallback
079-justyna-w-1079300,79,Justyna,尤斯蒂娜,Justyna,W,1079300,JustynaActive2,None,聚能炮击,5,true,false,0,,no_structured_extension_in_er-gamedata,尤斯蒂娜向指定位置发射两次能量炮击，每次造成{0}(+技能增幅{1})的技能伤害，并使目标移动速度降低{3}，持续{2}秒。 此外，命中的目标将被施加持续{4}秒的标记。,无消耗 / 冷却11秒 尤斯蒂娜向指定位置发射两次能量炮击，造成技能伤害并使目标一段时间内的移动速度变缓。此外，命中目标时将对目标施加持续一段时间的标记。,dak.gg api zh-CN + er-gamedata coefficient text
079-justyna-e-1079400,79,Justyna,尤斯蒂娜,Justyna,E,1079400,JustynaActive3_1,None,迅影,5,true,false,0,,no_structured_extension_in_er-gamedata,尤斯蒂娜朝指定方向快速移动，强化{0}秒内发起的下一次普攻，造成{1}(+技能增幅{2})的额外技能伤害。{3}秒内再次使用技能时，每次消耗的能量增加{4}，最多可以增加至{5}。进入再充能状态时，重置能量消耗。 施法连环炮击&歼灭炮击和聚能炮击期间也可以使用该技能。,资源消耗量 50 / 冷却3秒 尤斯蒂娜朝指定方向快速移动，强化一段时间内发起的下一次普攻，造成额外技能伤害。一段时间内再次使用技能时，每次使用时将增加能量消耗，最多可以增加至50。进入再充能状态时，将重置能量消耗。 施法连环炮击&歼灭炮击和聚能炮击期间也可以使用该技能。,dak.gg api zh-CN + er-gamedata coefficient text
079-justyna-e-1079410,79,Justyna,尤斯蒂娜,Justyna,E,1079410,JustynaActive3_2,None,迅影 - 超负荷,5,false,false,0,,no_structured_extension_in_er-gamedata,,,er-gamedata zh-CN fallback
079-justyna-e-1079420,79,Justyna,尤斯蒂娜,Justyna,E,1079420,JustynaActive3Attack,None,유스티나 E - 강화 공격,1,false,false,0,,no_structured_extension_in_er-gamedata,,,er-gamedata zh-CN fallback
079-justyna-r-1079500,79,Justyna,尤斯蒂娜,Justyna,R,1079500,JustynaActive4,None,阿斯特拉冲击,3,true,false,0,,no_structured_extension_in_er-gamedata,尤斯蒂娜跃向空中，进入无法指定目标的状态，并向指定范围内的敌人发动最大火力攻击、{0}秒内每{1}秒造成{2}(+技能增幅{3})的技能伤害。施法期间可以移动，但移动速度降低{4}。无法指定目标的状态将持续至落地为止。,无消耗 / 冷却80秒 尤斯蒂娜跃向空中，进入无法指定目标的状态，并向指定范围内的敌人发动最大火力攻击、造成技能伤害。施法期间可以进行移动，但移动速度将变缓。无法指定目标的状态将持续至落地为止。,dak.gg api zh-CN + er-gamedata coefficient text
080-istvan-p-1080100,80,Istvan,伊舒特,Istvan,P,1080100,None,IstvanPassive,演算,3,true,false,0,,no_structured_extension_in_er-gamedata,伊舒特使用{0}次普攻或技能后，下一次基本技能将附加其他可能性，使用技能后伊舒特移动速度增加{2}，持续{1}秒。,无消耗 伊舒特使用一定次数的普攻或技能后，下一次基本技能将附加其他可能性，使用技能后伊舒特的移动速度将得到增加。,dak.gg api zh-CN + er-gamedata coefficient text
080-istvan-q-1080200,80,Istvan,伊舒特,Istvan,Q,1080200,IstvanActive1,None,观测,5,true,false,0,,no_structured_extension_in_er-gamedata,伊舒特挥刺长枪，对敌人造成 {3}(+攻击力{4})技能伤害。 其他可能性 : 伊舒特突进后旋转，使附近敌人移动速度降低{1}、持续{0}秒，同时造成{5}(+攻击力{6})技能伤害。 对体力低于{2}的敌人造成{7}(+攻击力{8})的技能伤害。,无消耗 / 冷却4.5秒 伊舒特挥刺长枪，对敌人造成技能伤害。 其他可能性 : 伊舒特突进后旋转，降低附近敌人的移动速度并造成技能伤害。对体力较低的敌人可以造成更高的伤害。,dak.gg api zh-CN + er-gamedata coefficient text
080-istvan-w-1080300,80,Istvan,伊舒特,Istvan,W,1080300,IstvanActive2,None,量子纠缠,5,true,false,0,,no_structured_extension_in_er-gamedata,伊舒特挥刺长枪，对敌人造成{2}(+攻击力{3})技能伤害。命中敌人时，伊舒特可以获得吸收{4}(+攻击力{5})伤害的护盾，护盾持续{0}秒。 其他可能性 : 伊舒特突进后挥刺长枪，对敌人造成{6}(+攻击力{7})技能伤害。命中敌人时，伊舒特将根据失去的体力恢复{8}(+攻击力{9}) ~ {10}(+攻击力{11})的体力。（体力低于{1}时将适用最大恢复量）,无消耗 / 冷却8秒 伊舒特挥刺长枪，对敌人造成技能伤害。命中敌人时，伊舒特可以获得护盾。 其他可能性 : 伊舒特突进后挥刺长枪，对敌人造成技能伤害。命中敌人时，伊舒特将根据失去的体力恢复体力。,dak.gg api zh-CN + er-gamedata coefficient text
080-istvan-e-1080400,80,Istvan,伊舒特,Istvan,E,1080400,IstvanActive3,None,路径积分,5,true,false,0,,no_structured_extension_in_er-gamedata,伊舒特沿指定方向快速突进，对路径上的敌人造成{3}(+攻击力的{4})技能伤害并使其防御力降低{1}，持续{0}秒。 其他可能性 : 伊舒特跃向指定位置，对周围敌人造成{5}(+攻击力的{6})技能伤害并使其悬空{2}秒。,无消耗 / 冷却12秒 伊舒特沿指定方向快速突进，对路径上的敌人造成技能伤害并降低其防御力。 其他可能性 : 伊舒特跃向指定位置，对周围敌人造成技能伤害并使其悬空。,dak.gg api zh-CN + er-gamedata coefficient text
080-istvan-r-1080500,80,Istvan,伊舒特,Istvan,R,1080500,IstvanActive4,IstvanActive4Passive,波函数坍缩,3,true,false,0,,no_structured_extension_in_er-gamedata,伊舒特以无法阻止的状态跃向指定的敌人实验体，造成{2}(+攻击力{3})技能伤害并使其{0}秒间的移动速度变缓{1}。减缓的移动速度在持续时间内慢慢恢复。 此后将在敌人周围生成三种可能性。 三种可能性 : 稍后，伊舒特的三个化身将快速向中心点突进，分别对范围内的敌人造成{4}(+攻击力{5})的技能伤害。,无消耗 / 冷却80秒 伊舒特以无法阻止的状态跃向指定的敌人实验体，造成技能伤害并使其移动速度变缓。此后将在敌人周围生成三种可能性。 三种可能性 : 稍后，伊舒特的三个化身将快速向中心点突进，对范围内的敌人造成技能伤害。,dak.gg api zh-CN + er-gamedata coefficient text
081-niah-p-1081100,81,Niah,妮娅,NiaH,P,1081100,None,NiahPassive,K.O.,3,true,false,0,,no_structured_extension_in_er-gamedata,妮娅使用普攻或技能对敌人造成伤害时，将为目标附加能够储存{0}(+技能增幅的{1}) + 每叠层{2}(+技能增幅的{3})技能伤害的K.O.叠层。当附加K.O.叠层时，若储存的伤害量超过目标的体力和护盾总和，目标将被处决。,无消耗 妮娅使用普攻或技能对敌人造成伤害时，将为目标附加能够储存伤害的K.O.叠层。当附加K.O.叠层时，若储存的伤害量超过目标的体力和护盾总和，目标将被处决。,dak.gg api zh-CN + er-gamedata coefficient text
081-niah-q-1081200,81,Niah,妮娅,NiaH,Q,1081200,NiahActive1,NiahActive1Passive,落点,5,true,false,0,,no_structured_extension_in_er-gamedata,妮娅在指定位置投掷按键，造成{3}(+技能增幅{4})的技能伤害，使节拍交汇冷却时间缩减{11}秒。当地面设有节拍交汇时，按键将被其吸引，对路径造成{5}(+技能增幅{6})的技能伤害，并使目标{7}秒内的移动速度减少{8}。被拉动的按键命中敌人时，落点冷却时间将缩减{9}。 最多可以设置{12}个按键，每个可以持续{13}秒。,无消耗 / 冷却6秒 妮娅在指定位置投掷按键，造成技能伤害并缩减节拍交汇冷却时间。当地面设有节拍交汇时，按键将被其吸引，对路径造成技能伤害并降低目标移动速度。被拉动的按键命中敌人时，将缩减落点冷却时间。,dak.gg api zh-CN + er-gamedata coefficient text
081-niah-q-1081210,81,Niah,妮娅,NiaH,Q,1081210,NiahActive1_R,NiahActive1Passive,落点,5,false,false,0,,no_structured_extension_in_er-gamedata,,,er-gamedata zh-CN fallback
081-niah-w-1081300,81,Niah,妮娅,NiaH,W,1081300,NiahActive2,None,节拍交汇,5,true,false,0,,no_structured_extension_in_er-gamedata,妮娅在指定位置设置节拍交汇，造成{0}(+技能增幅{1})的技能伤害，并将范围内的敌人拉向中心。当按键进入已部署的节拍交汇时，将在范围内造成{2}的真实伤害并移除按键。 节拍交汇可以维持{3}秒。,无消耗 / 冷却12秒 妮娅在指定位置设置节拍交汇，造成技能伤害，并将范围内的敌人拉向中心。当按键进入已部署的节拍交汇时，将在范围内造成真实伤害并移除按键。,dak.gg api zh-CN + er-gamedata coefficient text
081-niah-w-1081310,81,Niah,妮娅,NiaH,W,1081310,NiahActive2_R,None,节拍交汇,5,false,false,0,,no_structured_extension_in_er-gamedata,,,er-gamedata zh-CN fallback
081-niah-e-1081400,81,Niah,妮娅,NiaH,E,1081400,NiahActive3,None,1UP,5,true,false,0,,no_structured_extension_in_er-gamedata,妮娅为自身赋予持续{0}秒的1UP效果。妮娅在1UP持续期间受到致命伤害时，将进入持续{1}秒的免死状态，恢复体力上限{2}(+技能增幅{3})%的体力。结束恢复后，妮娅的移动速度增加{4}(+技能增幅{5})%，并在{6}秒内逐渐复原。,无消耗 / 冷却32秒 妮娅为自身赋予1UP效果。妮娅在1UP效果持续期间受到致命伤害时，将进入短暂的免死状态并逐渐恢复体力。结束恢复后，妮娅的移动速度增加。,dak.gg api zh-CN + er-gamedata coefficient text
081-niah-r-1081500,81,Niah,妮娅,NiaH,R,1081500,NiahActive4,NiahActive4Passive,妮娅的游戏世界,3,true,false,0,,no_structured_extension_in_er-gamedata,被动 : 每当妮娅施法技能对敌人实验体造成伤害时，将获得电池叠层。施法妮娅的游戏世界技能时，将获得{0}(+技能增幅{1}) + 每叠层{2}的护盾，并清除电池叠层。 妮娅集中精神，进入最多持续{11}秒的负面效果免疫，在前方生成游戏世界，触碰其边缘的敌人将陷入持续{7}秒的晕厥并停止移动。 每当妮娅在生成的游戏世界内，使用落点对敌人造成伤害时，集中精神持续时间将额外延长{10}秒。技能造成{12}次伤害时，则会对游戏世界内的所有敌人造成{8}(+技能增幅{9})技能伤害。,无消耗 / 冷却80秒 被动 : 每当妮娅施法技能对敌人实验体造成伤害时，将获得电池叠层。施法妮娅的游戏世界技能时，将根据电池叠层数获得护盾，并移除所有的电池叠层。 妮娅集中精神，进入负面效果免疫的状态并在前方生成游戏世界，触碰其边缘的敌人将陷入晕厥并停止移动。 每当妮娅在生成的游戏世界内使用技能对敌人造成伤害时，将延长集中精神持续的时间。技能造成多次伤害时，则会对游戏世界内的所有敌人造成技能伤害。,dak.gg api zh-CN + er-gamedata coefficient text
082-xuelin-p-1082100,82,Xuelin,雪琳,Xuelin,P,1082100,None,XuelinPassive,剑道,3,true,false,0,,no_structured_extension_in_er-gamedata,雪琳的普攻和基本技能命中时，可以获得流云残影剑叠层。达到{0}层时，下一次普攻将得到强化，向目标发射飞剑并造成{1}(+攻击力{2})的额外技能伤害，同时使剑影回旋和飞闪步的冷却时间减少{3}秒，并恢复{4}(+攻击力{5})的体力。通过野生动物获得的恢复效果降低为{6}。,无消耗 雪琳的普攻和基本技能命中时，可以获得流云残影剑叠层。达到3层时，下一次普攻将得到强化，向目标发射飞剑并造成额外技能伤害，减少剑影回旋和飞闪步的冷却时间，并恢复体力。,dak.gg api zh-CN + er-gamedata coefficient text
082-xuelin-q-1082200,82,Xuelin,雪琳,Xuelin,Q,1082200,XuelinActive1,None,剑影回旋,5,true,false,0,,no_structured_extension_in_er-gamedata,雪琳发射飞剑，对路径上的敌人造成{0}(+攻击力{1})的技能伤害。剑到达指定位置后，将旋转{2}秒、每隔{3}秒对范围内的敌人造成{4}(+攻击力{5})技能伤害。 雪琳触碰到旋转的剑时将回收剑，并返还{6}飞闪步的冷却时间。回收的剑将在{7}秒间围绕雪琳旋转，每隔{8}秒对范围内的敌人造成{9}(+攻击力{10})技能伤害。,无消耗 / 冷却13秒 雪琳发射飞剑，对路径上的敌人造成技能伤害。剑到达指定位置后，将旋转一段时间并持续对范围内的敌人造成技能伤害。 雪琳触碰到旋转的剑时将回收剑，并返还一部分飞闪步的冷却时间。回收的剑将在一段时间内围绕雪琳旋转，并持续对范围内的敌人造成技能伤害。,dak.gg api zh-CN + er-gamedata coefficient text
082-xuelin-w-1082300,82,Xuelin,雪琳,Xuelin,W,1082300,XuelinActive2,None,无尘剑诀,5,true,false,0,,no_structured_extension_in_er-gamedata,雪琳以飞剑环绕自身，{0}秒内处于免疫所有负面效果的状态，阻挡所有伤害。随后，雪琳向指定方向发射飞剑，对第一个命中的敌人实验体造成{1}(+攻击力{2})的技能伤害，并使其{3}秒内的移动速度降低{4}。 当雪琳阻挡了无法移动效果时，将获得{5}层流云残影剑，并对敌人造成{6}(+攻击力{7})的技能伤害，但不会降低其移动速度，而是使目标进入持续{8}秒的眩晕状态。,无消耗 / 冷却21秒 雪琳以飞剑环绕自身，将在一段时间内处于免疫所有负面效果的状态，阻挡所有伤害。随后，雪琳向指定方向发射飞剑，对第一个命中的敌人实验体造成技能伤害，并降低其移动速度。 当雪琳阻挡了无法移动效果时，将获得3层流云残影剑，并对敌人造成技能伤害，但不会降低其移动速度，而是使其进入眩晕状态。,dak.gg api zh-CN + er-gamedata coefficient text
082-xuelin-e-1082400,82,Xuelin,雪琳,Xuelin,E,1082400,XuelinActive3,None,飞闪步,5,true,false,0,,no_structured_extension_in_er-gamedata,雪琳朝指定方向突进，对路径上的敌人造成{0}(+攻击力{1})技能伤害，并使其{2}秒内的移动速度降低{3}。突进结束后，将在沿途掉落剑，对范围内的敌人造成{4}(+攻击力{5})技能伤害。,无消耗 / 冷却14秒 雪琳朝指定方向突进，对路径上的敌人造成技能伤害并降低其移动速度。突进结束后，将在沿途掉落剑，对范围内的敌人造成技能伤害。,dak.gg api zh-CN + er-gamedata coefficient text
082-xuelin-r-1082500,82,Xuelin,雪琳,Xuelin,R,1082500,XuelinActive4,None,万剑归宗,3,true,false,0,,no_structured_extension_in_er-gamedata,雪琳展开领域对范围内的敌人造成{0}(+攻击力{1})的技能伤害。领域可以持续{2}秒。每当雪琳对领域内的敌人造成普攻或独立技能伤害时，剑将朝向目标掉落并造成{3}(+攻击力{4})的额外技能伤害。当剑第{5}次落下时，将获得强化效果，落在目标身上并对周围造成{6}(+攻击力{7})额外技能伤害，使其{8}秒内的移动速度减少{9}。 如果使用飞闪步后停留位置位于在领域外时，外圈的剑将回到雪琳身边，对路径上的敌人造成{10}(+攻击力{11})的技能伤害。从第二次命中起伤害量减少{12}。,无消耗 / 冷却80秒 雪琳展开领域对范围内的敌人造成技能伤害。领域将维持一段时间。每当雪琳对领域内的敌人造成普攻或独立技能伤害时，将有剑掉落，对目标造成额外的技能伤害。当第五次剑落下时，将获得强化效果，落在目标身上并对周围造成额外技能伤害，并降低其移动速度。 如果使用飞闪步后停留位置位于在领域外时，外圈的剑将回到雪琳身边，对路径上的敌人造成技能伤害。从第二次命中起伤害量减少。,dak.gg api zh-CN + er-gamedata coefficient text
083-henry-p-1083100,83,Henry,亨利,Henry,P,1083100,None,HenryPassive,裂时之隙,3,true,false,0,,no_structured_extension_in_er-gamedata,亨利在{0}秒内对敌人实验体造成体力上限{1}的伤害时，并为目标附着一个计时器。{2}秒后计时器将爆炸，并对其附着的敌人造成{20}(+技能增幅{21})(+目标失去体力{4})的技能伤害。,无消耗 / 冷却12秒 亨利在短时间内对敌人实验体造成一定的伤害时，将为其附加一个计时器。计时结束时，将根据目标失去的体力对其造成技能伤害。,dak.gg api zh-CN + er-gamedata coefficient text
083-henry-q-1083200,83,Henry,亨利,Henry,Q,1083200,HenryActive1_1,None,指针,5,true,false,0,,no_structured_extension_in_er-gamedata,亨利向指定方向投掷分针，对路径上的敌人造成{20}(+技能增幅{21})的技能伤害，命中处于移动受损状态的敌人时，将造成{0}(+亨利等级 * {7})的额外真实伤害。亨利可以在{2}秒内可以再次使用技能。 再次使用 : 向指定方向投掷时针，对路径上的敌人造成{22}(+技能增幅{23})(+目标体力上限{4})的技能伤害，命中处于移动受损状态的敌人时，将造成{1}(+亨利等级 * {8})的额外真实伤害。 从每个技能命中的第二个目标开始，将造成{3}的伤害。,无消耗 / 冷却9秒 亨利向指定方向投掷分针，对路径上的敌人造成技能伤害，并在一段时间内可以再次使用技能。 再次使用 : 向指定方向投掷时针，对路径上的敌人造成更高的技能伤害。 从每个技能命中的第二个目标开始，伤害将减少。若命中处于移动受损状态的敌人，将额外造成真实伤害。,dak.gg api zh-CN + er-gamedata coefficient text
083-henry-q-1083210,83,Henry,亨利,Henry,Q,1083210,HenryActive1_2,None,指针,5,false,false,0,,no_structured_extension_in_er-gamedata,,,er-gamedata zh-CN fallback
083-henry-w-1083300,83,Henry,亨利,Henry,W,1083300,HenryActive2,None,时控装置,5,true,false,0,,no_structured_extension_in_er-gamedata,亨利在指定位置生成持续{4}秒的时控装置。每{0}秒，装置会对其上的敌人造成{20}(+技能增幅{21})(+目标体力上限{5})的技能伤害，并使其移动速度降低{1}。 命中敌方实验体或终极野怪时，冷却时间减少{2}。,无消耗 / 冷却11秒 亨利在指定位置生成时控装置。装置会定期对其上的敌人造成技能伤害，并降低其移动速度。 命中敌方实验体或终极野怪时，将缩减技能的冷却时间。,dak.gg api zh-CN + er-gamedata coefficient text
083-henry-e-1083400,83,Henry,亨利,Henry,E,1083400,HenryActive3,None,瞬时跃迁,5,true,false,0,,no_structured_extension_in_er-gamedata,亨利集中精神{0}秒，快速倒转时间并瞬间移动到指定位置。若落点位于时控装置之上，则会束缚{1}秒装置上的敌人并造成{20}(+技能增幅{21})的技能伤害。当敌方实验体位于装置上时，亨利{2}秒内移动速度增加{3}，随后逐渐下降。 在开始瞬间移动时，指针的冷却时间减少{4}，时控装置冷却时间减少{5}。,无消耗 / 冷却12秒 亨利集中精神快速逆转时间，并瞬间移动到指定位置。若落点位于时控装置之上，则会束缚装置上的敌人并造成技能伤害。当敌方实验体位于装置上时，亨利的移动速度将在短时间内提升，随后逐渐恢复。 在开始瞬间移动时，指针与时控装置的冷却时间将会减少。,dak.gg api zh-CN + er-gamedata coefficient text
083-henry-r-1083500,83,Henry,亨利,Henry,R,1083500,HenryActive4,None,时序重铸域,3,true,false,0,,no_structured_extension_in_er-gamedata,亨利进入{0}秒免疫所有负面效果的状态，并在周围展开领域，对敌人造成{20}(+技能增幅{21})技能伤害并获得吸收{24}(+技能增幅{25})(+体力上限{26})伤害的护盾。 领域存在期间，敌方投射物的速度减缓{3}，敌人的移动速度降低{5}。领域消失时，将引发爆炸并清除其中的敌方投射物，对敌人造成{22}(+技能增幅{23})技能伤害并使其晕厥{7}秒。,无消耗 / 冷却80秒 亨利在一段时间内进入免疫所有负面效果的状态，并在周围展开领域，对敌人造成技能伤害并获得护盾。 领域持续期间，将减缓敌方投射物的速度，并逐渐降低敌人的移动速度。当时针和分针重合时，领域将引发爆炸，清除其中的敌方投射物，对敌人造成技能伤害并使其晕厥。,dak.gg api zh-CN + er-gamedata coefficient text
084-blair-p-1084100,84,Blair,布莱尔,Blair,P,1084100,None,BlairPassive,刃移,3,true,false,0,,no_structured_extension_in_er-gamedata,持续效果：布莱尔的武器形态为双剑形态时，攻击速度增加{0}，普攻将连续进行两次，分别造成攻击力的{1} * (普攻增幅)、攻击力的{2} * (普攻增幅)普攻伤害；当武器形态为双头剑形态时，普攻射程增加{3}，普攻造成攻击力的{4} * (普攻增幅)普攻伤害。 布莱尔从使用疾刃突进和无尽追击时，可在双剑&双头剑中切换武器形态。切换武器形态时，将进入持续{5}秒的切换状态，强化下一个使用的基本技能，恢复造成伤害 {6}(+额外攻击力的{7})%的体力，并在命中时恢复{8}气力。在切换状态下使用的技能与另一武器形态相同技能栏不共享冷却。 布莱尔使用技能后，将强化下一次普攻，造成[双剑：每击{9}(+额外攻击力的{10}) | 双头剑：{11}(+额外攻击力的{12})]额外技能伤害，基本技能剩余冷却时间缩减[双剑：每击{13} |双头剑：{14}]并恢复[双剑：每击{15} |双头剑：{16}]气力。,无消耗 持续效果：布莱尔的武器形态为双剑形态时，攻击速度增加，普攻将连续进行两次；当武器形态为双头剑形态时，普攻射程增加，普攻仅进行一次。 布莱尔从使用疾刃突进和无尽追击时，可在双剑&双头剑中切换武器形态。切换武器形态时，将进入切换状态，强化下一个使用的基本技能，根据造成的伤害恢复部分体力，并在命中时恢复气力。在切换状态下使用的技能与另一武器形态相同技能栏不共享冷却。 布莱尔使用技能后，将强化下一次普攻，造成额外技能伤害，缩减基本技能剩余冷却时间并恢复气力。 通过野生动物获得的体力恢复效果降低。,dak.gg api zh-CN + er-gamedata coefficient text
084-blair-q-1084200,84,Blair,布莱尔,Blair,Q,1084200,BlairActive1_1,None,双重斩击 / 双重横扫,5,true,false,0,,no_structured_extension_in_er-gamedata,布莱尔使用双剑向前猛力斩下，造成{0}(+额外攻击力{1})(+目标体力上限{2}(+额外攻击力{3})%)的技能伤害。随后横扫前方，造成{4}(+额外攻击力{5})的技能伤害。,气力 60 / 冷却10秒 双剑形态：布莱尔使用双剑向前猛力斩下，对敌人造成技能伤害。随后横扫前方，再次造成技能伤害。 双头剑形态：布莱尔使用双头剑向前方横扫两次，每次都对敌人造成技能伤害。每次命中敌人时，布莱尔都会恢复自身体力。,dak.gg api zh-CN + er-gamedata coefficient text
084-blair-q-1084210,84,Blair,布莱尔,Blair,Q,1084210,BlairActive1_2,None,双重斩击 / 双重横扫,5,true,false,0,,no_structured_extension_in_er-gamedata,布莱尔使用双头剑向前方横扫两次，分别造成{0}(+攻击力{1})、 {2}(+攻击力{3})的技能伤害。每次命中敌人时，布莱尔恢复{4}(+额外攻击力{5})的体力。,布莱尔使用双头剑向前方横扫两次，分别造成{0}、{1}的技能伤害。每次命中敌人时，布莱尔恢复{2}体力。,er-gamedata zh-CN fallback
084-blair-w-1084300,84,Blair,布莱尔,Blair,W,1084300,BlairActive2_1,None,抹杀 / 刃舞风暴,5,true,false,0,,no_structured_extension_in_er-gamedata,布莱尔使用双剑横扫前方范围，对敌人造成{0}(+额外攻击力{1})技能伤害。对首个目标造成伤害增加{2}，并使其{3}秒内防御力降低{4}。,气力 30 / 冷却10秒 双剑形态：布莱尔使用双剑横扫前方范围，对敌人造成技能伤害。首个命中的目标承受伤害增加，且防御力降低。 双头剑形态：布莱尔挥动双头剑，短时间内对指定方向的伤害免疫，并周期性对范围内的敌人造成技能伤害。,dak.gg api zh-CN + er-gamedata coefficient text
084-blair-w-1084310,84,Blair,布莱尔,Blair,W,1084310,BlairActive2_2,None,抹杀 / 刃舞风暴,5,true,false,0,,no_structured_extension_in_er-gamedata,布莱尔挥动双头剑，{0}秒内对指定方向的伤害免疫，每{1}秒对范围内的敌人造成{2}(+攻击力{3})的技能伤害。,布莱尔挥动双头剑，{0}秒内对指定方向的伤害免疫，每{1}秒对范围内的敌人造成{2}技能伤害。,er-gamedata zh-CN fallback
084-blair-e-1084400,84,Blair,布莱尔,Blair,E,1084400,BlairActive3_1,None,断裂斩 / 反击斩,5,true,false,0,,no_structured_extension_in_er-gamedata,布莱尔挥动双剑，对圆形范围内的目标造成{0}(+额外攻击力{1})的技能伤害，使目标移动速度降低{2}。减少的移动速度将在{3}秒内恢复。 连携攻击：当使用断裂斩后立即施放疾刃突进、成功触发连携攻击效果时，将使连携攻击命中目标的移动速度降低{4}。减少的移动速度将在{5}秒内恢复。,气力 40 / 冷却11秒 双剑形态：布莱尔挥动双剑，对圆形范围内的目标造成技能伤害，降低其移动速度。 连携攻击：使用断裂斩后立即施放疾刃突进、成功触发连携攻击效果时，将降低连携攻击命中目标的移动速度。 双头剑形态：布莱尔挥动双头剑，对圆形范围内的目标造成技能伤害并获得护盾。 连携攻击：使用反击斩后立即施放疾刃突进、成功触发连携攻击效果时，将根据连携攻击命中的目标数获得护盾。,dak.gg api zh-CN + er-gamedata coefficient text
084-blair-e-1084410,84,Blair,布莱尔,Blair,E,1084410,BlairActive3_2,None,断裂斩 / 反击斩,5,true,false,0,,no_structured_extension_in_er-gamedata,布莱尔挥动双头剑，对圆形范围内的目标造成{0}(+额外攻击力{1})技能伤害并获得{3}(+额外攻击力{4})护盾，护盾持续{2}秒。 连携攻击：使用反击斩后立即施放疾刃突进、成功触发连携攻击效果时，连携攻击每命中一个目标即可获得{5}(+额外攻击力{6})的护盾，护盾持续{2}秒。（命中上限：{7}）,布莱尔挥动双头剑，对圆形范围内的目标造成{0}技能伤害并获得{2}护盾，护盾持续{1}秒。 连携攻击：使用反击斩后立即施放疾刃突进、成功触发连携攻击效果时，连携攻击每命中一个目标即可获得{3}的护盾，护盾持续{1}秒。,er-gamedata zh-CN fallback
084-blair-r-1084500,84,Blair,布莱尔,Blair,R,1084500,BlairActive4_1,None,XMS-5启动 / 无尽追击,3,true,false,0,,no_structured_extension_in_er-gamedata,布莱尔进入持续{0}秒的强化状态，能够探测VF能力者。由于身体机能提升，布莱尔的气力恢复量增加{1}、攻击速度增加{9}，即使未使用刃移进行切换，也能获得体力恢复效果。 探测：布莱尔{2}范围内出现视野范围可见的敌方实验体时，将赋予目标探测标记。带有探测标记的目标在布莱尔视野内不可见或超过8m距离时，布莱尔可通过视觉效果确认目标的方向。布莱尔XMS-5启动技能结束或目标距离布莱尔超过{3}以上时，将解除赋予目标的探测效果。 布莱尔在{4}秒内可以对被探测目标周围施放无尽追击。 无尽追击：布莱尔消耗全部气力，迅速突进至被探测目标周围，并在到达位置造成{5}(+攻击力{6})(+每消耗1气力*{7})技能伤害。命中目标时可以恢复{8}气力。,无消耗 / 冷却80秒 布莱尔暂时进入强化状态，能够探测VF能力者。由于身体机能提升，布莱尔的气力恢复量和攻击速度增加，即使未使用刃移进行切换，也能获得体力恢复效果。 探测：当敌方实验体出现在布莱尔视野可见范围时，将被赋予探测标记。带有探测标记的目标在布莱尔视野内不可见或超过一定距离时，布莱尔可通过视觉效果确认目标的方向。布莱尔XMS-5启动技能结束或布莱尔与目标距离过远时，将解除赋予目标的探测效果。 布莱尔可以在被探测目标周围施放无尽追击。 无尽追击：布莱尔消耗全部气力，迅速突进至被探测目标周围，并在到达位置造成与消耗气力值成比例的技能伤害。命中目标时可以恢复气力。,dak.gg api zh-CN + er-gamedata coefficient text
084-blair-r-1084510,84,Blair,布莱尔,Blair,R,1084510,BlairActive4_2,None,XMS-5启动 / 无尽追击,3,false,false,0,,no_structured_extension_in_er-gamedata,,,er-gamedata zh-CN fallback
085-mirka-p-1085100,85,Mirka,米尔卡,Mirka,P,1085100,None,MirkaPassive,反击值,3,true,false,0,,no_structured_extension_in_er-gamedata,米尔卡的反击值上限为体力上限的{0}。已获得的反击值在非战斗状态下逐渐减小。反击值达到上限时，下一次使用粉碎锤或强力一击技能时，将消耗所有反击值并获得强化效果。 米尔卡使敌人陷入无法移动状态时，将获得{1}反击值且基本技能冷却缩减{2}，同时{3}秒内每秒造成{5}(+目标体力上限{4})技能伤害。,无消耗 米尔卡的反击值上限和体力上限成比例。已获得的反击值在非战斗状态下逐渐减小。反击值达到上限时，下一次使用粉碎锤或强力一击技能时，将消耗所有反击值并获得强化效果。 米尔卡使敌人陷入无法移动状态时，将获得反击值并缩减基本技能冷却，同时在短时间内造成伤害。 即便使多名敌人陷入无法移动状态，也只会触发一次反击值与冷却缩减效果。,dak.gg api zh-CN + er-gamedata coefficient text
085-mirka-q-1085200,85,Mirka,米尔卡,Mirka,Q,1085200,MirkaActive1,None,粉碎锤,5,true,false,0,,no_structured_extension_in_er-gamedata,米尔卡举起锤子用力向下猛击，对敌人造成{0}(+技能增幅{20})(+体力上限{21})的技能伤害，使敌人{1}秒内的移动速度降低{2}。 粉碎锤 - 强化：造成反击值{3}的额外技能伤害并使敌人陷入{4}秒的晕厥。{5}秒后，该位置将以{6}秒为间隔发生2次余震，造成{7}(+目标体力上限{8})的伤害并使敌人{9}秒内的移动速度降低{10}。,无消耗 / 冷却2秒(蓄能10秒) 米尔卡举起锤子用力向下猛击，对敌人造成技能伤害并降低其移动速度。 粉碎锤 - 强化：造成和反击值成比例的额外伤害并使敌人陷入晕厥。短暂延迟后，该位置将发生2次余震，造成伤害并降低敌人移动速度。,dak.gg api zh-CN + er-gamedata coefficient text
085-mirka-w-1085300,85,Mirka,米尔卡,Mirka,W,1085300,MirkaActive2,None,反击屏障,5,true,false,0,,no_structured_extension_in_er-gamedata,米尔卡向前方短距离突进，并获得可以在{0}秒内吸收{1}(+技能增幅{20})(+体力上限{21})伤害的护盾。根据护盾吸收的伤害量获得反击值。 米尔卡每拥有1防御力，获得的反击值增加{2}。,无消耗 / 冷却10秒 米尔卡向前方短距离突进，并获得可以吸收伤害的护盾。根据护盾吸收的伤害量获得反击值。,dak.gg api zh-CN + er-gamedata coefficient text
085-mirka-e-1085400,85,Mirka,米尔卡,Mirka,E,1085400,MirkaActive3_1,None,后撤急袭,5,true,false,0,,no_structured_extension_in_er-gamedata,米尔卡向后撤步、{0}秒内处于无法阻止的状态，承受伤害减少{1}。 随后米尔卡向前突进，对碰撞到的敌人造成{2}(+技能增幅{20})(+目标体力上限{3})的技能伤害并将其击退。米尔卡在{4}秒内可以使用强力一击。 强力一击：米尔卡向前方大力挥动锤子，造成{5}(+技能增幅{21})(+体力上限{22})的技能伤害。 强力一击 - 强化：造成等同于反击值{6}的额外伤害，并将命中的敌人击退{7}m。,无消耗 / 冷却14秒 米尔卡向后撤步，随后向前突进，对碰撞到的敌人造成技能伤害并将其击退。米尔卡在一段时间内可以使用强力一击。 强力一击：米尔卡向前方大力挥动锤子，造成伤害。 强力一击 - 强化：造成和反击值成比例的额外伤害，击退命中敌人。 此技能无法越过墙体。,dak.gg api zh-CN + er-gamedata coefficient text
085-mirka-e-1085410,85,Mirka,米尔卡,Mirka,E,1085410,MirkaActive3_2,None,强力一击,5,false,false,0,,no_structured_extension_in_er-gamedata,,,er-gamedata zh-CN fallback
085-mirka-e-1085420,85,Mirka,米尔卡,Mirka,E,1085420,MirkaActive3_2Reinforce,None,强力一击 - 强化,5,false,false,0,,no_structured_extension_in_er-gamedata,,,er-gamedata zh-CN fallback
085-mirka-r-1085500,85,Mirka,米尔卡,Mirka,R,1085500,MirkaActive4,None,坠风冲击,3,true,false,0,,no_structured_extension_in_er-gamedata,米尔卡在{0}秒内集中精神、随后跃向空中，进入无法指定为目标的状态，{1}秒内可以通过移动命令调整落地点。着地时，将对范围内的敌人造成{2}(+技能增幅{20})(+目标体力上限{3})的技能伤害，并使其悬空{4}秒。,无消耗 / 冷却80秒 米尔卡集中精神后跃向空中，进入无法指定为目标的状态，并在一段时间内可以调整落地点。着地时将对范围内的敌人造成技能伤害并使其悬空。,dak.gg api zh-CN + er-gamedata coefficient text
086-fenrir-p-1086100,86,Fenrir,芬里尔,Fenrir,P,1086100,None,FenrirPassive,最后的挣扎,3,true,false,0,,no_structured_extension_in_er-gamedata,芬里尔在受到致死伤害时，将于{0}秒后进入不死状态。 处于不死状态下的芬里尔在{1}秒内无法操控，攻击速度增加{3}、移动速度增加{4}，攻击周围敌人时，将额外造成目标体力上限{5}的技能伤害。 此外，芬里尔承受敌人攻击时，{2}秒内移动速度降低{6}，该效果最多可叠加至{7}次。 VF吸收：芬里尔通过猎物追踪或绝息一击命中目标后，将在{8}秒内吸收命中目标的VF能量，每{9}秒造成{20}(+额外攻击力{10})的技能伤害，自身体力恢复{21}(+额外攻击力{11})。 在此期间将共享目标的视野，当与目标超过一定距离时，该效果将被解除。,无消耗 芬里尔在受到致死伤害时，短时间后将进入不死状态。 处于不死状态下的芬里尔一段时间内无法操控，其攻击速度与移动速度将得到提升，攻击周围敌人时，将根据目标的体力上限造成额外伤害。 此外，芬里尔承受敌人攻击时，移动速度降低，该效果最多可叠加10次。 VF吸收：芬里尔使用猎物追踪或绝息一击技能命中目标时，在一定时间内吸收目标的VF能量，周期性造成伤害，并恢复自身体力。 在此期间将共享目标的视野，当与目标超过一定距离时，该效果将被解除。,dak.gg api zh-CN + er-gamedata coefficient text
086-fenrir-p-1086110,86,Fenrir,芬里尔,Fenrir,P,1086110,FenrirPassiveWaiting,None,펜리르 P 대기 상태,1,false,false,0,,no_structured_extension_in_er-gamedata,,,er-gamedata zh-CN fallback
086-fenrir-q-1086200,86,Fenrir,芬里尔,Fenrir,Q,1086200,FenrirActive1,None,撕裂利爪,5,true,false,0,,no_structured_extension_in_er-gamedata,芬里尔挥动双爪，对范围内的敌人造成{20}(+攻击力{0})的技能伤害，并获得持续{6}秒的利爪叠层。 在叠层达到上限时施放该技能，将进行更为强力的撕裂攻击，造成{21}(+攻击力{1})的技能伤害，使敌人{3}秒间的移动速度减少{4}，同时自身体力恢复{22}(+攻击力{2})。 在叠层达到上限的状态下使用该技能命中敌人时，狩猎时刻的冷却时间减少{5}。,无消耗 / 冷却5秒 芬里尔挥动双爪，对范围内的敌人造成技能伤害并获得利爪叠层。 在叠层达到上限时施放该技能，将进行更为强力的撕裂攻击，造成更高的伤害，降低敌人的移动速度，同时恢复自身体力。 在叠层达到上限的状态下使用技能命中敌人时，将减少狩猎时刻的冷却时间。,dak.gg api zh-CN + er-gamedata coefficient text
086-fenrir-w-1086300,86,Fenrir,芬里尔,Fenrir,W,1086300,FenrirActive2_1,None,猎物追踪,5,true,false,0,,no_structured_extension_in_er-gamedata,芬里尔向前方伸出长尾，对命中的敌人造成{20}(+攻击力{0})技能伤害并将其拽至身前，同时自身快速向目标靠近。 命中敌人目标时，将进入VF吸收状态，{4}秒内可使用撤退本能。 撤退本能：对目标造成{21}(+攻击力{1})技能伤害，并向相反方向进行翻滚，{2}秒内处于无法被指定为目标的状态，同时使狩猎时刻的冷却时间减少{3}。,无消耗 / 冷却14秒 芬里尔向前方伸出长尾，对命中的目标造成伤害并将其拽至身前，同时自身快速向目标靠近。 命中敌人目标时，将进入VF吸收状态，在一定时间内可使用撤退本能。 撤退本能：对目标造成技能伤害，并向相反方向进行翻滚，短暂进入无法被指定为目标的状态，同时减少狩猎时刻的冷却时间。,dak.gg api zh-CN + er-gamedata coefficient text
086-fenrir-w-1086310,86,Fenrir,芬里尔,Fenrir,W,1086310,FenrirActive2_2,None,撤退本能,5,false,false,0,,no_structured_extension_in_er-gamedata,,无消耗,dak.gg api zh-CN + er-gamedata coefficient text
086-fenrir-e-1086400,86,Fenrir,芬里尔,Fenrir,E,1086400,FenrirActive3,None,狩猎时刻,5,true,false,0,,no_structured_extension_in_er-gamedata,芬里尔使用技能向指定方向移动，{1}秒内移动速度增加{2}，朝敌人实验体移动时，移动速度额外增加{3}。 移动后，持续时间内下一次发起的普攻将造成{20}(+额外攻击力{0})的额外技能伤害。普攻时移动速度增加效果将立即消失。,无消耗 / 冷却14秒 芬里尔向指定方向快速移动，之后短时间内移动速度提升，朝敌人实验体移动时，还会额外提升移动速度。 移动后下一次发起的普攻将造成额外技能伤害。普攻时移动速度增加效果将立即消失。,dak.gg api zh-CN + er-gamedata coefficient text
086-fenrir-e-1086410,86,Fenrir,芬里尔,Fenrir,E,1086410,FenrirActive3Attack,None,펜리르 E - 강화 기본 공격,1,false,false,0,,no_structured_extension_in_er-gamedata,,,er-gamedata zh-CN fallback
086-fenrir-r-1086500,86,Fenrir,芬里尔,Fenrir,R,1086500,FenrirActive4,None,绝息一击,3,true,false,0,,no_structured_extension_in_er-gamedata,芬里尔对指定的敌人实验体使用技能时，将进入攻击准备并获得{21}(+攻击力{1})的护盾，护盾持续{4}秒。 短时间后，芬里尔将快速向目标突进，造成{20}(+攻击力{0})的技能伤害，使其{2}秒内移动速度降低{3}。减少的移动速度随时间逐渐恢复。 芬里尔将与命中的目标进入VF吸收状态。,无消耗 / 冷却80秒 芬里尔对指定的敌人实验体使用技能时，将进入攻击准备并获得护盾。 短时间后，芬里尔将快速向目标突进，造成技能伤害并降低其移动速度。减少的移动速度随时间逐渐恢复。 芬里尔将与命中的目标进入VF吸收状态。,dak.gg api zh-CN + er-gamedata coefficient text
087-coraline-p-1087100,87,Coraline,卡洛琳,Coraline,P,1087100,None,CoralinePassive,因果,5,true,false,0,,no_structured_extension_in_er-gamedata,卡洛琳技能命中敌人时，将留下持续{0}秒的镜子碎片标记。 技能命中持有标记的敌人时，将消耗标记并造成{20}(+技能增幅{21})的真实伤害。,无消耗 卡洛琳技能命中敌人时，将留下镜子碎片标记。 技能命中持有标记的敌人时，将消耗标记并造成真实伤害。,dak.gg api zh-CN + er-gamedata coefficient text
087-coraline-q-1087200,87,Coraline,卡洛琳,Coraline,Q,1087200,CoralineActive1,None,断罪之光,5,true,false,0,,no_structured_extension_in_er-gamedata,卡洛琳向指定方向发射光弹。光弹将飞行至最大射程，或在命中敌人时产生爆炸，对范围内敌人造成{20}(+技能增幅{21})技能伤害。 光弹触碰到镜子时，效果将得到强化。 白镜：镜子向其面对的方向发射强化光弹，对范围内敌人造成{22}(+技能增幅{23})(+目标当前体力{1})技能伤害，并使目标{5}秒内的移动速度减少{6}。 黑镜：镜子向其面对的方向发射强化光弹，对范围内敌人造成{24}(+技能增幅{25})(+目标失去体力{2})的伤害，并使目标{7}秒内的移动速度减少{8}。,无消耗 / 冷却8秒 卡洛琳向指定方向发射光弹。光弹将飞行至最大射程，或在命中敌人时产生爆炸，对范围内敌人造成技能伤害。 光弹触碰到镜子时，效果将得到强化。 白镜：镜子向其面对的方向发射强化光弹，对范围内敌人造成基于目标当前体力的百分比伤害，并使其减速。 黑镜：镜子向其面对的方向发射强化光弹，对范围内敌人造成基于目标失去体力的百分比伤害，并使其减速。,dak.gg api zh-CN + er-gamedata coefficient text
087-coraline-w-1087300,87,Coraline,卡洛琳,Coraline,W,1087300,CoralineActive2_1,None,真实之镜 / 虚伪之镜,3,true,false,0,,no_structured_extension_in_er-gamedata,持续效果：当卡洛琳的镜子触碰到断罪之光或者罪业枷锁时，{0}秒内技能增幅增加{1}。（最多叠加{2}次） 卡洛琳在指定位置沿选定的方向召唤一面镜子。镜子将按照揭示真相的白镜与揭示虚伪的黑镜之间，按顺序交替。 经过镜子强化的断罪之光命中敌人时，冷却缩减{4}。,无消耗 / 冷却6秒 持续效果：当卡洛琳的镜子触碰到断罪之光或者罪业枷锁时，将提升自身的技能增幅。 卡洛琳在指定位置沿选定的方向召唤一面镜子。镜子将按照揭示真相的白镜与揭示虚伪的黑镜之间，按顺序交替。 经过镜子强化的断罪之光命中敌人时，将缩减冷却。,dak.gg api zh-CN + er-gamedata coefficient text
087-coraline-w-1087310,87,Coraline,卡洛琳,Coraline,W,1087310,CoralineActive2_2,None,真实之镜 / 虚伪之镜,3,false,false,0,,no_structured_extension_in_er-gamedata,,,er-gamedata zh-CN fallback
087-coraline-e-1087400,87,Coraline,卡洛琳,Coraline,E,1087400,CoralineActive3,None,罪业枷锁,5,true,false,0,,no_structured_extension_in_er-gamedata,卡洛琳发射一颗光之球体，对路径上的敌人造成{20}(+技能增幅{21})技能伤害并使其陷入{0}秒的束缚状态。 若球体触碰镜子，效果将获得强化。 白镜：镜子向其面对的方向发射球体，对路径上的敌人造成{22}(+技能增幅{23})技能伤害并束缚敌人{1}秒。命中敌人时，卡洛琳将获得能够吸收{26}(+技能增幅{27})伤害的护盾，护盾持续{3}秒。 黑镜：镜子向其面对的方向发射球体，对路径上的敌人造成{24}(+技能增幅{25})技能伤害并束缚敌人{2}秒。被命中的敌人{4}秒内防御力降低{5}。,无消耗 / 冷却14秒 卡洛琳发射一颗光之球体，对路径上的敌人造成技能伤害并使其陷入束缚状态。 若球体触碰镜子，效果将获得强化。 白镜：镜子向其面对的方向发射球体，对路径上的敌人造成技能伤害并束缚敌人。命中敌人时，卡洛琳将获得护盾。 黑镜：镜子向其面对的方向发射球体，对路径上的敌人造成技能伤害并束缚敌人。被命中的敌人将在短时间内降低防御力。,dak.gg api zh-CN + er-gamedata coefficient text
087-coraline-r-1087500,87,Coraline,卡洛琳,Coraline,R,1087500,CoralineActive4,CoralineActive4Passive,异世界的残影,3,true,false,0,,no_structured_extension_in_er-gamedata,卡洛琳朝指定方向移动，并暂时遁入镜中世界，{0}秒内处于无法指定为目标的状态。若进行除移动以外的动作，将解除无法指定为目标的状态。 穿出镜中世界后，{1}秒内移动速度增加{2}，强化{6}秒内发起的下一次普攻、射程增加{8} 。强化普攻命中时，造成{20}(+技能增幅{21})额外技能伤害，罪业枷锁的冷却时间缩减{3}，其他基本技能冷却缩减{4}。 技能命中时，冷却时间缩减{5}。,无消耗 / 冷却32秒 卡洛琳朝指定方向移动，并暂时遁入镜中世界，进入无法指定为目标的状态。 穿出镜中世界后，卡洛琳的移动速度提升，且下一次普通攻击获得强化。强化普攻命中时，将缩短基本技能的冷却时间。 此外，技能命中敌人时，也将缩短技能的冷却时间。,dak.gg api zh-CN + er-gamedata coefficient text
087-coraline-r-1087510,87,Coraline,卡洛琳,Coraline,R,1087510,CoralineActive4Attack,None,코렐라인 R - 강화 평타,1,false,false,0,,no_structured_extension_in_er-gamedata,,,er-gamedata zh-CN fallback
088-bihyung-p-1088100,88,Bihyung,鼻荆,Bihyung,P,1088100,None,BihyungPassive,鬼火,3,true,false,0,,no_structured_extension_in_er-gamedata,每当鼻荆使用普攻或技能对敌人造成伤害时，将获得[普攻：{0} | 技能：{1}]的神力。神力值满时，鼻荆将由鬼火环绕自身，持续{2}秒。在此期间，每秒对周围造成{3}(+额外攻击力{4})(+目标体力上限{5})的技能伤害，鼻荆的减速效果抵御增加{5}。,无消耗 每当鼻荆使用普攻或技能对敌人造成伤害时，将获得神力。神力达到上限时，鼻荆将由鬼火环绕自身，每秒对周围造成技能伤害，并增强鼻荆的减速效果抵御。,dak.gg api zh-CN + er-gamedata coefficient text
088-bihyung-q-1088200,88,Bihyung,鼻荆,Bihyung,Q,1088200,BihyungActive1_1,None,咚锵！,5,true,false,0,,no_structured_extension_in_er-gamedata,鼻荆的下一次普攻将造成{0}(+攻击力的{1})额外技能伤害并恢复体力上限{2}的体力。该技能攻击发动{3}秒后，可在{4}秒内再次使用技能。 再次使用时：鼻荆的下一次普攻将在造成{0}(+攻击力的{1})额外技能伤害后，额外触发2次伤害为{5}的普攻和{6}(+攻击力的{7})的额外技能伤害，并恢复体力上限{8}的体力。 同时，将对附近{10}范围内造成额外技能伤害{9}的伤害。,无消耗 / 冷却8秒 鼻荆的下一次普攻将造成额外技能伤害并恢复体力。该技能攻击发动后，经过短暂延迟可再次使用技能。 再次使用时：鼻荆的下一次普攻将附带额外技能伤害。随后，接连触发2次攻击，每次造成较低的普攻伤害以及额外技能伤害，并恢复体力。 将根据额外技能伤害，对目标周围区域造成范围伤害。,dak.gg api zh-CN + er-gamedata coefficient text
088-bihyung-q-1088210,88,Bihyung,鼻荆,Bihyung,Q,1088210,BihyungActive1_2,None,咚锵！,5,false,false,0,,no_structured_extension_in_er-gamedata,,,er-gamedata zh-CN fallback
088-bihyung-q-1088220,88,Bihyung,鼻荆,Bihyung,Q,1088220,BihyungActive1NormalAttack,None,비형 Q - 기본 강화 평타,1,false,false,0,,no_structured_extension_in_er-gamedata,,,er-gamedata zh-CN fallback
088-bihyung-q-1088230,88,Bihyung,鼻荆,Bihyung,Q,1088230,BihyungActive1ReinforceAttack,None,비형 Q - 요력 강화 평타,1,false,false,0,,no_structured_extension_in_er-gamedata,,,er-gamedata zh-CN fallback
088-bihyung-w-1088300,88,Bihyung,鼻荆,Bihyung,W,1088300,BihyungActive2,None,尝尝天罚！,5,true,false,0,,no_structured_extension_in_er-gamedata,鼻荆用鬼火点燃指定区域，造成{0}(+攻击力{1})(+目标体力上限{2})的技能伤害，并使命中的敌人移动速度降低{4}，持续{3}秒。 若鼻荆处于鬼火范围内，将获得{6}(+体力上限{7})的护盾，护盾持续{5}秒，并在{8}秒内增加{9}的移动速度。,无消耗 / 冷却11秒 鼻荆用鬼火点燃指定区域，造成技能伤害，并降低命中敌人的移动速度。鼻荆在鬼火范围内时，将获得护盾并提升自身的移动速度。,dak.gg api zh-CN + er-gamedata coefficient text
088-bihyung-e-1088400,88,Bihyung,鼻荆,Bihyung,E,1088400,BihyungActive3,None,赌上一局！,5,true,false,0,,no_structured_extension_in_er-gamedata,鼻荆向指定方向突进，挑衅撞击到的敌人{0}秒，并对其造成{1}(+攻击力{2})的技能伤害。,无消耗 / 冷却14秒 鼻荆向指定方向突进，挑衅撞击到的敌人并对其造成技能伤害。,dak.gg api zh-CN + er-gamedata coefficient text
088-bihyung-r-1088500,88,Bihyung,鼻荆,Bihyung,R,1088500,BihyungActive4,None,闹个痛快吧！,3,true,false,0,,no_structured_extension_in_er-gamedata,鼻荆进入负面效果免疫状态并跃向指定位置。使用技能期间，自身承受伤害降低{0}。 鼻荆戴上鬼怪假面，身体巨大化并获得{2}的额外体力，持续{1}秒。随后猛烈重击地面，造成{3}(+额外攻击力{4})(+目标体力上限{5})的技能伤害，并使命中的敌人移动速度降低{7}，持续{6}秒。处于范围中心区域的目标承受伤害和移动速度减少效果增加{8}。,无消耗 / 冷却80秒 鼻荆进入负面效果免疫状态并跃向指定位置。使用技能期间，自身承受伤害降低。 鼻荆戴上鬼怪假面，身体巨大化并获得额外体力。随后猛烈重击地面，造成技能伤害并降低命中敌人的移动速度。处于范围中心区域的敌人将受到更高的伤害与更强的减速效果。,dak.gg api zh-CN + er-gamedata coefficient text
